shape_id,shape_pt_lat,shape_pt_lon,shape_pt_sequence
H01E,41.116723,-74.152063,1
H01E,41.1167407,-74.1518623,2
H01E,41.1158152,-74.1524148,3
H01E,41.1151524,-74.1506714,4
H01E,41.1149422,-74.1499311,5
H01E,41.1148937,-74.1496253,6
H01E,41.1148978,-74.1492605,7
H01E,41.1151484,-74.1469216,8
H01E,41.1151645,-74.146235,9
H01E,41.1151605,-74.1450441,10
H01E,41.1151281,-74.1446364,11
H01E,41.1150716,-74.1441107,12
H01E,41.1149463,-74.1436976,13
H01E,41.1146795,-74.143247,14
H01E,41.1144734,-74.1429627,15
H01E,41.1143522,-74.1426998,16
H01E,41.1135358,-74.1401303,17
H01E,41.1129982,-74.1386658,18
H01E,41.1128972,-74.1385102,19
H01E,41.1124284,-74.1371959,20
H01E,41.1123799,-74.1368955,21
H01E,41.1122627,-74.1352111,22
H01E,41.1122586,-74.1350287,23
H01E,41.112194,-74.1340041,24
H01E,41.1123192,-74.1325933,25
H01E,41.1123071,-74.1324753,26
H01E,41.1124486,-74.1308552,27
H01E,41.1125132,-74.1293746,28
H01E,41.1125415,-74.1292888,29
H01E,41.1128285,-74.1209793,30
H01E,41.1128164,-74.1203892,31
H01E,41.1126992,-74.1189355,32
H01E,41.1126507,-74.1188174,33
H01E,41.1122263,-74.114247,34
H01E,41.1126628,-74.1141719,35
H01E,41.112661,-74.114081,36
H01E,41.1133297,-74.1140592,37
H01E,41.1142956,-74.1138929,38
H01E,41.1152494,-74.1137213,39
H01E,41.1156657,-74.113453,40
H01E,41.1158839,-74.1130936,41
H01E,41.1156737,-74.1122407,42
H01E,41.1155202,-74.1099876,43
H01E,41.1153262,-74.1083461,44
H01E,41.1108844,-74.0886855,45
H01E,41.1105571,-74.0876395,46
H01E,41.1101205,-74.0865076,47
H01E,41.1096234,-74.0855956,48
H01E,41.1090656,-74.0847427,49
H01E,41.1078692,-74.0832245,50
H01E,41.1063373,-74.0814489,51
H01E,41.105537,-74.0802902,52
H01E,41.1046881,-74.0786541,53
H01E,41.103912,-74.0766102,54
H01E,41.0988025,-74.0567243,55
H01E,41.0984549,-74.0555763,56
H01E,41.0979657,-74.0537739,57
H01E,41.0970278,-74.0494663,58
H01E,41.0968419,-74.0482646,59
H01E,41.0967368,-74.0469611,60
H01E,41.0967368,-74.04459,61
H01E,41.0970076,-74.0422833,62
H01E,41.0974523,-74.0404218,63
H01E,41.097897,-74.0390164,64
H01E,41.1022911,-74.0286523,65
H01E,41.1030632,-74.0261471,66
H01E,41.1034674,-74.0242481,67
H01E,41.1038352,-74.0217429,68
H01E,41.1039161,-74.0186155,69
H01E,41.1011673,-73.9857048,70
H01E,41.1006297,-73.9585877,71
H01E,41.1005206,-73.9563453,72
H01E,41.1004397,-73.955766,73
H01E,41.1003508,-73.9555031,74
H01E,41.1002538,-73.9550686,75
H01E,41.1001244,-73.9545751,76
H01E,41.099987,-73.9542907,77
H01E,41.0997808,-73.9540279,78
H01E,41.0994938,-73.9537972,79
H01E,41.0991502,-73.9537919,80
H01E,41.0989965,-73.9538831,81
H01E,41.0989117,-73.9542854,82
H01E,41.0989804,-73.9546609,83
H01E,41.0993442,-73.9549935,84
H01E,41.0996716,-73.9551866,85
H01E,41.0999263,-73.9555568,86
H01E,41.1000072,-73.9559269,87
H01E,41.1000193,-73.9563829,88
H01E,41.0995948,-73.9590973,89
H01E,41.099607,-73.9599878,90
H01E,41.0995585,-73.9602399,91
H01E,41.0993846,-73.9605457,92
H01E,41.0996272,-73.9614254,93
H01E,41.100375,-73.9614147,94
H01E,41.1003791,-73.9622784,95
H01E,41.100367,-73.962756,96
H01E,41.099865,-73.962821,97
H01W,41.099865,-73.962821,1
H01W,41.0995908,-73.9627665,2
H01W,41.0995706,-73.9614254,3
H01W,41.0996433,-73.9614147,4
H01W,41.0993685,-73.9605242,5
H01W,41.0994938,-73.9603418,6
H01W,41.0995585,-73.9601219,7
H01W,41.0995625,-73.9592367,8
H01W,41.0999263,-73.9568228,9
H01W,41.1002578,-73.9567262,10
H01W,41.1009773,-73.956179,11
H01W,41.1012846,-73.9557767,12
H01W,41.1015231,-73.9552993,13
H01W,41.1016443,-73.954972,14
H01W,41.1016807,-73.954559,15
H01W,41.1015392,-73.9542049,16
H01W,41.101329,-73.9541298,17
H01W,41.1010784,-73.954221,18
H01W,41.1008803,-73.9545107,19
H01W,41.1007833,-73.9551437,20
H01W,41.1008318,-73.9566296,21
H01W,41.100751,-73.9568281,22
H01W,41.1013533,-73.9862412,23
H01W,41.1040535,-74.0179932,24
H01W,41.1040616,-74.020654,25
H01W,41.1038514,-74.0230787,26
H01W,41.1033987,-74.0255785,27
H01W,41.1027034,-74.0280032,28
H01W,41.0979172,-74.0394509,29
H01W,41.0972866,-74.0417683,30
H01W,41.0969955,-74.0435922,31
H01W,41.0968742,-74.0455985,32
H01W,41.0969955,-74.0481412,33
H01W,41.0973674,-74.0503514,34
H01W,41.0983538,-74.0546,35
H01W,41.0993644,-74.0581941,36
H01W,41.1041182,-74.0766156,37
H01W,41.1047407,-74.0783,38
H01W,41.1052985,-74.0794373,39
H01W,41.1058563,-74.0804029,40
H01W,41.1067779,-74.0816903,41
H01W,41.1094617,-74.0849411,42
H01W,41.1102458,-74.0863144,43
H01W,41.1107794,-74.0876234,44
H01W,41.111523,-74.090606,45
H01W,41.1154515,-74.1081262,46
H01W,41.1157748,-74.108963,47
H01W,41.1163325,-74.110626,48
H01W,41.1166316,-74.111377,49
H01W,41.1171569,-74.1121709,50
H01W,41.1158799,-74.1135228,51
H01W,41.1155727,-74.1136944,52
H01W,41.1126628,-74.114188,53
H01W,41.1123233,-74.1142738,54
H01W,41.112444,-74.114875,55
H01W,41.1127436,-74.1187799,56
H01W,41.1127335,-74.1189408,57
H01W,41.1128588,-74.1203114,58
H01W,41.1128709,-74.1211215,59
H01W,41.112582,-74.1293424,60
H01W,41.1126183,-74.1294551,61
H01W,41.1125375,-74.1313058,62
H01W,41.1124122,-74.1324055,63
H01W,41.1123516,-74.1326416,64
H01W,41.1122344,-74.1338432,65
H01W,41.1123071,-74.1351843,66
H01W,41.1123637,-74.1352916,67
H01W,41.1125011,-74.1370833,68
H01W,41.1130063,-74.1385156,69
H01W,41.1130306,-74.1386658,70
H01W,41.1137419,-74.1406238,71
H01W,41.1142552,-74.1422546,72
H01W,41.1144168,-74.1427428,73
H01W,41.1148493,-74.1434348,74
H01W,41.1150594,-74.1438693,75
H01W,41.1151605,-74.1445345,76
H01W,41.1152171,-74.1456395,77
H01W,41.1151928,-74.1469592,78
H01W,41.1149988,-74.1486758,79
H01W,41.1149382,-74.1494161,80
H01W,41.1149746,-74.1498721,81
H01W,41.1151645,-74.1505694,82
H01W,41.1156616,-74.1519588,83
H01W,41.1159082,-74.1525811,84
H01W,41.116377,-74.1544533,85
H01W,41.1163689,-74.1546088,86
H01W,41.1167043,-74.1547108,87
H01W,41.1171004,-74.1548073,88
H01W,41.1171186,-74.1547376,89
H01W,41.1170579,-74.1546571,90
H01W,41.1170034,-74.1541743,91
H01W,41.1168134,-74.1530398,92
H01W,41.1167447,-74.1520688,93
H01W,41.116723,-74.152063,94
H01XE,41.116723,-74.152063,1
H01XE,41.1167407,-74.1518623,2
H01XE,41.1158152,-74.1524148,3
H01XE,41.1151524,-74.1506714,4
H01XE,41.1149422,-74.1499311,5
H01XE,41.1148937,-74.1496253,6
H01XE,41.1148978,-74.1492605,7
H01XE,41.1151484,-74.1469216,8
H01XE,41.1151645,-74.146235,9
H01XE,41.1151605,-74.1450441,10
H01XE,41.1151281,-74.1446364,11
H01XE,41.1150716,-74.1441107,12
H01XE,41.1149463,-74.1436976,13
H01XE,41.1146795,-74.143247,14
H01XE,41.1144734,-74.1429627,15
H01XE,41.1143522,-74.1426998,16
H01XE,41.1135358,-74.1401303,17
H01XE,41.1129982,-74.1386658,18
H01XE,41.1128972,-74.1385102,19
H01XE,41.1124284,-74.1371959,20
H01XE,41.1123799,-74.1368955,21
H01XE,41.1122627,-74.1352111,22
H01XE,41.1122586,-74.1350287,23
H01XE,41.112194,-74.1340041,24
H01XE,41.1123192,-74.1325933,25
H01XE,41.1123071,-74.1324753,26
H01XE,41.1124486,-74.1308552,27
H01XE,41.1125132,-74.1293746,28
H01XE,41.1125415,-74.1292888,29
H01XE,41.1128285,-74.1209793,30
H01XE,41.1128164,-74.1203892,31
H01XE,41.1126992,-74.1189355,32
H01XE,41.1126507,-74.1188174,33
H01XE,41.1122263,-74.114247,34
H01XE,41.1126628,-74.1141719,35
H01XE,41.112661,-74.114081,36
H01XE,41.1133297,-74.1140592,37
H01XE,41.1142956,-74.1138929,38
H01XE,41.1152494,-74.1137213,39
H01XE,41.1156657,-74.113453,40
H01XE,41.1158839,-74.1130936,41
H01XE,41.1156737,-74.1122407,42
H01XE,41.1155202,-74.1099876,43
H01XE,41.1153262,-74.1083461,44
H01XE,41.1108844,-74.0886855,45
H01XE,41.1105571,-74.0876395,46
H01XE,41.1101205,-74.0865076,47
H01XE,41.1096234,-74.0855956,48
H01XE,41.1090656,-74.0847427,49
H01XE,41.1078692,-74.0832245,50
H01XE,41.1063373,-74.0814489,51
H01XE,41.105537,-74.0802902,52
H01XE,41.1046881,-74.0786541,53
H01XE,41.103912,-74.0766102,54
H01XE,41.0988025,-74.0567243,55
H01XE,41.0984549,-74.0555763,56
H01XE,41.0979657,-74.0537739,57
H01XE,41.0970278,-74.0494663,58
H01XE,41.0968419,-74.0482646,59
H01XE,41.0967368,-74.0469611,60
H01XE,41.0967368,-74.04459,61
H01XE,41.0970076,-74.0422833,62
H01XE,41.0974523,-74.0404218,63
H01XE,41.097897,-74.0390164,64
H01XE,41.1022911,-74.0286523,65
H01XE,41.1030632,-74.0261471,66
H01XE,41.1034674,-74.0242481,67
H01XE,41.1038352,-74.0217429,68
H01XE,41.1039161,-74.0186155,69
H01XE,41.1011673,-73.9857048,70
H01XE,41.1006297,-73.9585877,71
H01XE,41.1005206,-73.9563453,72
H01XE,41.1004397,-73.955766,73
H01XE,41.1003508,-73.9555031,74
H01XE,41.1002538,-73.9550686,75
H01XE,41.1001244,-73.9545751,76
H01XE,41.099987,-73.9542907,77
H01XE,41.0997808,-73.9540279,78
H01XE,41.0994938,-73.9537972,79
H01XE,41.0991502,-73.9537919,80
H01XE,41.0989965,-73.9538831,81
H01XE,41.0989117,-73.9542854,82
H01XE,41.0989804,-73.9546609,83
H01XE,41.0993442,-73.9549935,84
H01XE,41.0996716,-73.9551866,85
H01XE,41.0999263,-73.9555568,86
H01XE,41.1000072,-73.9559269,87
H01XE,41.1000193,-73.9563829,88
H01XE,41.0995948,-73.9590973,89
H01XE,41.099607,-73.9599878,90
H01XE,41.0995585,-73.9602399,91
H01XE,41.0993846,-73.9605457,92
H01XE,41.0996272,-73.9614254,93
H01XE,41.100375,-73.9614147,94
H01XE,41.1003791,-73.9622784,95
H01XE,41.100367,-73.962756,96
H01XE,41.099865,-73.962821,97
H01XW,41.099865,-73.962821,1
H01XW,41.0995908,-73.9627665,2
H01XW,41.0995706,-73.9614254,3
H01XW,41.0996433,-73.9614147,4
H01XW,41.0993685,-73.9605242,5
H01XW,41.0994938,-73.9603418,6
H01XW,41.0995585,-73.9601219,7
H01XW,41.0995625,-73.9592367,8
H01XW,41.0999263,-73.9568228,9
H01XW,41.1002578,-73.9567262,10
H01XW,41.1009773,-73.956179,11
H01XW,41.1012846,-73.9557767,12
H01XW,41.1015231,-73.9552993,13
H01XW,41.1016443,-73.954972,14
H01XW,41.1016807,-73.954559,15
H01XW,41.1015392,-73.9542049,16
H01XW,41.101329,-73.9541298,17
H01XW,41.1010784,-73.954221,18
H01XW,41.1008803,-73.9545107,19
H01XW,41.1007833,-73.9551437,20
H01XW,41.1008318,-73.9566296,21
H01XW,41.100751,-73.9568281,22
H01XW,41.1013533,-73.9862412,23
H01XW,41.1040535,-74.0179932,24
H01XW,41.1040616,-74.020654,25
H01XW,41.1038514,-74.0230787,26
H01XW,41.1033987,-74.0255785,27
H01XW,41.1027034,-74.0280032,28
H01XW,41.0979172,-74.0394509,29
H01XW,41.0972866,-74.0417683,30
H01XW,41.0969955,-74.0435922,31
H01XW,41.0968742,-74.0455985,32
H01XW,41.0969955,-74.0481412,33
H01XW,41.0973674,-74.0503514,34
H01XW,41.0983538,-74.0546,35
H01XW,41.0993644,-74.0581941,36
H01XW,41.1041182,-74.0766156,37
H01XW,41.1047407,-74.0783,38
H01XW,41.1052985,-74.0794373,39
H01XW,41.1058563,-74.0804029,40
H01XW,41.1067779,-74.0816903,41
H01XW,41.1094617,-74.0849411,42
H01XW,41.1102458,-74.0863144,43
H01XW,41.1107794,-74.0876234,44
H01XW,41.111523,-74.090606,45
H01XW,41.1154515,-74.1081262,46
H01XW,41.1157748,-74.108963,47
H01XW,41.1163325,-74.110626,48
H01XW,41.1166316,-74.111377,49
H01XW,41.1171569,-74.1121709,50
H01XW,41.1158799,-74.1135228,51
H01XW,41.1155727,-74.1136944,52
H01XW,41.1126628,-74.114188,53
H01XW,41.1123233,-74.1142738,54
H01XW,41.112444,-74.114875,55
H01XW,41.1127436,-74.1187799,56
H01XW,41.1127335,-74.1189408,57
H01XW,41.1128588,-74.1203114,58
H01XW,41.1128709,-74.1211215,59
H01XW,41.112582,-74.1293424,60
H01XW,41.1126183,-74.1294551,61
H01XW,41.1125375,-74.1313058,62
H01XW,41.1124122,-74.1324055,63
H01XW,41.1123516,-74.1326416,64
H01XW,41.1122344,-74.1338432,65
H01XW,41.1123071,-74.1351843,66
H01XW,41.1123637,-74.1352916,67
H01XW,41.1125011,-74.1370833,68
H01XW,41.1130063,-74.1385156,69
H01XW,41.1130306,-74.1386658,70
H01XW,41.1137419,-74.1406238,71
H01XW,41.1142552,-74.1422546,72
H01XW,41.1144168,-74.1427428,73
H01XW,41.1148493,-74.1434348,74
H01XW,41.1150594,-74.1438693,75
H01XW,41.1151605,-74.1445345,76
H01XW,41.1152171,-74.1456395,77
H01XW,41.1151928,-74.1469592,78
H01XW,41.1149988,-74.1486758,79
H01XW,41.1149382,-74.1494161,80
H01XW,41.1149746,-74.1498721,81
H01XW,41.1151645,-74.1505694,82
H01XW,41.1156616,-74.1519588,83
H01XW,41.1159082,-74.1525811,84
H01XW,41.116377,-74.1544533,85
H01XW,41.1163689,-74.1546088,86
H01XW,41.1167043,-74.1547108,87
H01XW,41.1171004,-74.1548073,88
H01XW,41.1171186,-74.1547376,89
H01XW,41.1170579,-74.1546571,90
H01XW,41.1170034,-74.1541743,91
H01XW,41.1168134,-74.1530398,92
H01XW,41.1167447,-74.1520688,93
H01XW,41.116723,-74.152063,94
H03E,41.1063403,-74.0676399,1
H03E,41.106452,-74.069810,2
H03E,41.107255,-74.069566,3
H03E,41.1079763,-74.0622577,4
H03E,41.1080208,-74.0621611,5
H03E,41.1083704,-74.0591329,6
H03E,41.1083502,-74.0590256,7
H03E,41.1086331,-74.0563864,8
H03E,41.1086938,-74.0562683,9
H03E,41.1090414,-74.0530336,10
H03E,41.1090454,-74.0528405,11
H03E,41.109393,-74.0497774,12
H03E,41.1094253,-74.0496755,13
H03E,41.1096113,-74.0480447,14
H03E,41.10952,-74.04732,15
H03E,41.11117,-74.04701,16
H03E,41.1113412,-74.0449172,17
H03E,41.1113937,-74.0439731,18
H03E,41.111709,-74.0439892,19
H03E,41.111709,-74.0439892,20
H03E,41.1117857,-74.044008,21
H03E,41.1118262,-74.0442789,22
H03E,41.1118565,-74.0449065,23
H03E,41.1113755,-74.0449816,24
H03E,41.11117,-74.04701,25
H03E,41.10952,-74.04732,26
H03E,41.1090252,-74.0443861,27
H03E,41.1083623,-74.0399014,28
H03E,41.1074408,-74.0372944,29
H03E,41.1070851,-74.0365112,30
H03E,41.1047488,-74.0322196,31
H03E,41.104199,-74.0313613,32
H03E,41.1031561,-74.0295053,33
H03E,41.1031561,-74.0295053,34
H03E,41.1021052,-74.0275419,35
H03E,41.1015797,-74.0263724,36
H03E,41.1008237,-74.0242535,37
H03E,41.1006418,-74.0236419,38
H03E,41.1005529,-74.0233898,39
H03E,41.1024609,-74.0235186,40
H03E,41.1029055,-74.0233201,41
H03E,41.1032491,-74.0230358,42
H03E,41.1035563,-74.0225101,43
H03E,41.1038352,-74.0217429,44
H03E,41.1037908,-74.021861,45
H03E,41.1037746,-74.0219468,46
H03E,41.1038352,-74.0217429,47
H03E,41.1039161,-74.0186155,48
H03E,41.1011673,-73.9857048,49
H03E,41.1006297,-73.9585877,50
H03E,41.1005206,-73.9563453,51
H03E,41.1004397,-73.955766,52
H03E,41.1003508,-73.9555031,53
H03E,41.1002538,-73.9550686,54
H03E,41.1001244,-73.9545751,55
H03E,41.099987,-73.9542907,56
H03E,41.0997808,-73.9540279,57
H03E,41.0994938,-73.9537972,58
H03E,41.0991502,-73.9537919,59
H03E,41.0989965,-73.9538831,60
H03E,41.0989117,-73.9542854,61
H03E,41.0989804,-73.9546609,62
H03E,41.0993442,-73.9549935,63
H03E,41.0996716,-73.9551866,64
H03E,41.0999263,-73.9555568,65
H03E,41.1000072,-73.9559269,66
H03E,41.1000193,-73.9563829,67
H03E,41.0995948,-73.9590973,68
H03E,41.099607,-73.9599878,69
H03E,41.0995585,-73.9602399,70
H03E,41.0993846,-73.9605457,71
H03E,41.0996272,-73.9614254,72
H03E,41.100375,-73.9614147,73
H03E,41.1003791,-73.9622784,74
H03E,41.100367,-73.962713,75
H03E,41.099865,-73.962821,76
H03E,41.0995908,-73.9627665,77
H03E,41.0995706,-73.9614254,78
H03E,41.0996433,-73.9614147,79
H03E,41.0993685,-73.9605242,80
H03E,41.0994938,-73.9603418,81
H03E,41.0995585,-73.9601219,82
H03E,41.0995625,-73.9592367,83
H03E,41.0999263,-73.9568228,84
H03E,41.1000031,-73.9560932,85
H03E,41.0999667,-73.9558196,86
H03E,41.0998899,-73.9555568,87
H03E,41.0996676,-73.9552242,88
H03E,41.0990774,-73.9548057,89
H03E,41.0987944,-73.9543766,90
H03E,41.0986368,-73.9539689,91
H03E,41.099518,-73.9533252,92
H03E,41.0997202,-73.9529014,93
H03E,41.0997484,-73.9524561,94
H03E,41.0996636,-73.9517856,95
H03E,41.0996474,-73.9515442,96
H03E,41.0954269,-73.9358211,97
H03E,41.0947801,-73.9342117,98
H03E,41.0937128,-73.9322591,99
H03E,41.0926617,-73.9308643,100
H03E,41.0912709,-73.9294267,101
H03E,41.0899771,-73.9283109,102
H03E,41.0810657,-73.922689,103
H03E,41.0793511,-73.9218628,104
H03E,41.0774587,-73.9211118,105
H03E,41.0757926,-73.9203393,106
H03E,41.0752264,-73.9200711,107
H03E,41.0741993,-73.9192235,108
H03E,41.0734471,-73.9183438,109
H03E,41.0725816,-73.9170134,110
H03E,41.0721125,-73.9160049,111
H03E,41.0716434,-73.9146745,112
H03E,41.0713118,-73.9127862,113
H03E,41.0712228,-73.9111769,114
H03E,41.0713199,-73.8753319,115
H03E,41.0711662,-73.8738084,116
H03E,41.0707618,-73.8719308,117
H03E,41.0703493,-73.8708365,118
H03E,41.069775,-73.8696349,119
H03E,41.0688448,-73.8683152,120
H03E,41.0667417,-73.8660729,121
H03E,41.0650106,-73.8644958,122
H03E,41.0641451,-73.863852,123
H03E,41.0629479,-73.8625324,124
H03E,41.0625919,-73.8620818,125
H03E,41.0616212,-73.8600755,126
H03E,41.0610387,-73.8581443,127
H03E,41.0608284,-73.8566637,128
H03E,41.0606019,-73.8447976,129
H03E,41.0604805,-73.8433385,130
H03E,41.0600275,-73.8413107,131
H03E,41.0595098,-73.8397551,132
H03E,41.0580617,-73.8372338,133
H03E,41.0577381,-73.836236,134
H03E,41.0575601,-73.8352168,135
H03E,41.0575763,-73.8338757,136
H03E,41.0577866,-73.8327169,137
H03E,41.058628,-73.8306141,138
H03E,41.0590325,-73.8293052,139
H03E,41.0592266,-73.8278246,140
H03E,41.0591862,-73.8264406,141
H03E,41.0578351,-73.8151431,142
H03E,41.0575682,-73.8140273,143
H03E,41.0570989,-73.812815,144
H03E,41.0562414,-73.811506,145
H03E,41.0555942,-73.8108194,146
H03E,41.0547366,-73.8101971,147
H03E,41.0515246,-73.8088024,148
H03E,41.0504162,-73.8081801,149
H03E,41.0494776,-73.8074183,150
H03E,41.0484581,-73.806206,151
H03E,41.0476247,-73.80494,152
H03E,41.0467994,-73.8031054,153
H03E,41.0463301,-73.8014102,154
H03E,41.0461035,-73.7999296,155
H03E,41.045788,-73.7944257,156
H03E,41.0456019,-73.7933099,157
H03E,41.0453187,-73.7922692,158
H03E,41.0447118,-73.7906814,159
H03E,41.0441858,-73.7897158,160
H03E,41.0438783,-73.7893188,161
H03E,41.0435304,-73.7889647,162
H03E,41.040156,-73.7872374,163
H03E,41.0398971,-73.7867653,164
H03E,41.0398323,-73.7863791,165
H03E,41.0400346,-73.7851238,166
H03E,41.0400346,-73.7846518,167
H03E,41.0397433,-73.784008,168
H03E,41.0381815,-73.7819803,169
H03E,41.0365792,-73.7795877,170
H03E,41.036588,-73.779621,171
H03E,41.0362433,-73.7791961,172
H03E,41.035782,-73.7787831,173
H03E,41.0352965,-73.7784183,174
H03E,41.0340704,-73.7776405,175
H03E,41.0321523,-73.7765139,176
H03E,41.0317841,-73.7761813,177
H03E,41.0316627,-73.7757629,178
H03E,41.0317355,-73.7744325,179
H03E,41.031725,-73.774438,180
H03E,41.032124,-73.7698138,181
H03E,41.032124,-73.7698138,182
H03E,41.0331963,-73.7702376,183
H03E,41.0339409,-73.7708062,184
H03E,41.0344467,-73.7713587,185
H03E,41.0342444,-73.7743092,186
H03E,41.0341291,-73.7743749,187
H03E,41.0338519,-73.7743387,188
H03E,41.033936,-73.774380,189
H03E,41.0317719,-73.7740839,190
H03E,41.032122,-73.7696689,191
H03E,41.0323324,-73.7679765,192
H03E,41.032294,-73.768034,193
H03E,41.0325226,-73.7669411,194
H03E,41.0327532,-73.7663215,195
H03E,41.0341149,-73.767271,196
H03E,41.0344953,-73.7663001,197
H03E,41.0344953,-73.7663001,198
H03W,41.034024,-73.763481,1
H03W,41.032442,-73.762381,2
H03W,41.031782,-73.764927,3
H03W,41.031477,-73.765941,4
H03W,41.031241,-73.767030,5
H03W,41.031132,-73.768178,6
H03W,41.0308655,-73.7693954,7
H03W,41.032124,-73.7698138,8
H03W,41.0331963,-73.7702376,9
H03W,41.0339409,-73.7708062,10
H03W,41.0344467,-73.7713587,11
H03W,41.0342444,-73.7743092,12
H03W,41.0341291,-73.7743749,13
H03W,41.0338519,-73.7743387,14
H03W,41.033936,-73.774380,15
H03W,41.0326217,-73.7741805,16
H03W,41.0325165,-73.7762511,17
H03W,41.0327067,-73.7765837,18
H03W,41.035778,-73.7783861,19
H03W,41.0369029,-73.7795448,20
H03W,41.036906,-73.779548,21
H03W,41.0375503,-73.7806284,22
H03W,41.0380601,-73.7815136,23
H03W,41.039889,-73.7839919,24
H03W,41.0401722,-73.7845498,25
H03W,41.0404433,-73.7854457,26
H03W,41.0404999,-73.7859178,27
H03W,41.0408074,-73.7867385,28
H03W,41.0412201,-73.7873232,29
H03W,41.0416005,-73.7877148,30
H03W,41.0421588,-73.7880313,31
H03W,41.0426362,-73.7881547,32
H03W,41.0440038,-73.7883478,33
H03W,41.044376,-73.7887233,34
H03W,41.044558,-73.7890935,35
H03W,41.0456342,-73.7923712,36
H03W,41.0458001,-73.7930417,37
H03W,41.0458082,-73.7934709,38
H03W,41.0460348,-73.7950855,39
H03W,41.0462735,-73.8000369,40
H03W,41.0465567,-73.8016462,41
H03W,41.047026,-73.8032019,42
H03W,41.0476814,-73.8046396,43
H03W,41.0483367,-73.8057125,44
H03W,41.0489112,-73.8064849,45
H03W,41.049866,-73.8074398,46
H03W,41.0512091,-73.8083839,47
H03W,41.0528758,-73.8091564,48
H03W,41.055044,-73.8101113,49
H03W,41.0561362,-73.8110662,50
H03W,41.0567187,-73.8118064,51
H03W,41.0576491,-73.8137484,52
H03W,41.0580131,-73.8152075,53
H03W,41.0591053,-73.8244772,54
H03W,41.0593561,-73.8271058,55
H03W,41.0592994,-73.8286722,56
H03W,41.0589677,-73.8300884,57
H03W,41.0580455,-73.8325346,58
H03W,41.0578271,-73.8334787,59
H03W,41.0577785,-73.8347018,60
H03W,41.0579727,-73.8359034,61
H03W,41.0583853,-73.8370299,62
H03W,41.0590486,-73.8382959,63
H03W,41.0599223,-73.8403344,64
H03W,41.0604401,-73.8421798,65
H03W,41.0607313,-73.8441002,66
H03W,41.0608446,-73.8466322,67
H03W,41.0609902,-73.856138,68
H03W,41.0611763,-73.8576615,69
H03W,41.0615079,-73.8590455,70
H03W,41.0618639,-73.8600755,71
H03W,41.0623978,-73.8612342,72
H03W,41.062867,-73.8620818,73
H03W,41.063417,-73.8627791,74
H03W,41.0639995,-73.86338,75
H03W,41.0649216,-73.8640666,76
H03W,41.0667174,-73.8658798,77
H03W,41.0682381,-73.8673818,78
H03W,41.0694595,-73.8688624,79
H03W,41.0700095,-73.8697529,80
H03W,41.0706243,-73.8710833,81
H03W,41.0710691,-73.8725102,82
H03W,41.0713603,-73.8739586,83
H03W,41.0714574,-73.8748491,84
H03W,41.0713441,-73.9113164,85
H03W,41.0714655,-73.9129043,86
H03W,41.0716272,-73.9139557,87
H03W,41.0718537,-73.9148247,88
H03W,41.0722015,-73.915844,89
H03W,41.072703,-73.9169168,90
H03W,41.073253,-73.9178181,91
H03W,41.0736735,-73.9183545,92
H03W,41.0747816,-73.9194703,93
H03W,41.0753235,-73.9199317,94
H03W,41.0767146,-73.9205539,95
H03W,41.0795938,-73.9216912,96
H03W,41.0804996,-73.9220989,97
H03W,41.0853194,-73.9251781,98
H03W,41.08912,-73.9274633,99
H03W,41.090907,-73.9287615,100
H03W,41.0924514,-73.9302421,101
H03W,41.0936885,-73.9318299,102
H03W,41.094206,-73.932656,103
H03W,41.0950227,-73.9343083,104
H03W,41.0956533,-73.935982,105
H03W,41.1000031,-73.9522576,106
H03W,41.1001648,-73.9525688,107
H03W,41.1004074,-73.9531696,108
H03W,41.1007954,-73.9535987,109
H03W,41.1020081,-73.9542639,110
H03W,41.1017494,-73.9550793,111
H03W,41.1014745,-73.9556587,112
H03W,41.1010299,-73.9561415,113
H03W,41.1003023,-73.9567316,114
H03W,41.0999384,-73.9568388,115
H03W,41.099607,-73.9589095,116
H03W,41.0995908,-73.9594781,117
H03W,41.0995948,-73.9600575,118
H03W,41.099518,-73.9603525,119
H03W,41.0993725,-73.9605725,120
H03W,41.0996272,-73.9614201,121
H03W,41.100375,-73.9614254,122
H03W,41.1003669,-73.9627075,123
H03W,41.0998859,-73.9627504,124
H03W,41.099865,-73.962821,125
H03W,41.0995908,-73.9627665,126
H03W,41.0995706,-73.9614254,127
H03W,41.0996433,-73.9614147,128
H03W,41.0993685,-73.9605242,129
H03W,41.0994938,-73.9603418,130
H03W,41.0995585,-73.9601219,131
H03W,41.0995625,-73.9592367,132
H03W,41.0999263,-73.9568228,133
H03W,41.1002578,-73.9567262,134
H03W,41.1009773,-73.956179,135
H03W,41.1012846,-73.9557767,136
H03W,41.1015231,-73.9552993,137
H03W,41.1016443,-73.954972,138
H03W,41.1016807,-73.954559,139
H03W,41.1015392,-73.9542049,140
H03W,41.101329,-73.9541298,141
H03W,41.1010784,-73.954221,142
H03W,41.1008803,-73.9545107,143
H03W,41.1007833,-73.9551437,144
H03W,41.1008318,-73.9566296,145
H03W,41.100751,-73.9568281,146
H03W,41.1013533,-73.9862412,147
H03W,41.1040535,-74.0179932,148
H03W,41.1040616,-74.020654,149
H03W,41.1038514,-74.0230787,150
H03W,41.1038514,-74.0230787,151
H03W,41.1037867,-74.0238082,152
H03W,41.1038191,-74.0246129,153
H03W,41.1040858,-74.0255785,154
H03W,41.104563,-74.026855,155
H03W,41.104522,-74.027016,156
H03W,41.104409,-74.027187,157
H03W,41.104029,-74.027445,158
H03W,41.103492,-74.028191,159
H03W,41.103330,-74.028320,160
H03W,41.103168,-74.028465,161
H03W,41.102986,-74.028631,162
H03W,41.103003,-74.028786,163
H03W,41.103091,-74.028953,164
H03W,41.103346,-74.029484,165
H03W,41.103426,-74.029629,166
H03W,41.1035664,-74.0299022,167
H03W,41.104967,-74.0324664,168
H03W,41.1051772,-74.0328956,169
H03W,41.1071093,-74.0365112,170
H03W,41.1073923,-74.0371013,171
H03W,41.1083057,-74.039644,172
H03W,41.1090737,-74.0443996,173
H03W,41.10952,-74.04732,174
H03W,41.11117,-74.04701,175
H03W,41.1113412,-74.0449172,176
H03W,41.1113937,-74.0439731,177
H03W,41.111709,-74.0439892,178
H03W,41.111709,-74.0439892,179
H03W,41.1117857,-74.044008,180
H03W,41.1118262,-74.0442789,181
H03W,41.1118565,-74.0449065,182
H03W,41.1113755,-74.0449816,183
H03W,41.11117,-74.04701,184
H03W,41.10952,-74.04732,185
H03W,41.1096476,-74.0480661,186
H03W,41.1094456,-74.0498149,187
H03W,41.1094617,-74.0499973,188
H03W,41.1091303,-74.0528405,189
H03W,41.1090858,-74.053039,190
H03W,41.108718,-74.0564239,191
H03W,41.1087382,-74.0565956,192
H03W,41.1084513,-74.0590525,193
H03W,41.1083947,-74.0591866,194
H03W,41.1080673,-74.0622228,195
H03W,41.1080673,-74.0625072,196
H03W,41.107438,-74.068315,197
H03W,41.106752,-74.068189,198
H03W,41.1063403,-74.0676399,199
H05E,41.099865,-73.962821,1
H05E,41.0995868,-73.9627665,2
H05E,41.0995665,-73.9614362,3
H05E,41.0996393,-73.9614201,4
H05E,41.0993725,-73.960551,5
H05E,41.0986125,-73.9611733,6
H05E,41.0980627,-73.9615381,7
H05E,41.0976342,-73.9615273,8
H05E,41.0970278,-73.961066,9
H05E,41.0962274,-73.9603257,10
H05E,41.0959282,-73.9600039,11
H05E,41.0952086,-73.958416,12
H05E,41.0947154,-73.9569354,13
H05E,41.0946265,-73.9559591,14
H05E,41.0944769,-73.9536202,15
H05E,41.0946063,-73.9530998,16
H05E,41.0948367,-73.9527136,17
H05E,41.094958,-73.9528477,18
H05E,41.0953259,-73.9528906,19
H05E,41.0955886,-73.9530891,20
H05E,41.0957665,-73.9535236,21
H05E,41.0958231,-73.9537597,22
H05E,41.0957342,-73.9538401,23
H05E,41.095787,-73.953763,24
H05E,41.0946629,-73.9546663,25
H05E,41.0945577,-73.954677,26
H05E,41.0946831,-73.9567316,27
H05E,41.0949256,-73.9575684,28
H05E,41.0953501,-73.9587218,29
H05E,41.0948246,-73.9589149,30
H05E,41.0944041,-73.9589149,31
H05E,41.0942141,-73.9542478,32
H05E,41.0941211,-73.9529389,33
H05E,41.094113,-73.9525634,34
H05E,41.0938058,-73.9506161,35
H05E,41.0927385,-73.9453214,36
H05E,41.0926455,-73.9443398,37
H05E,41.0927546,-73.9433956,38
H05E,41.0930579,-73.9424998,39
H05E,41.0934419,-73.9418399,40
H05E,41.0940362,-73.9411426,41
H05E,41.0943516,-73.9405739,42
H05E,41.0948529,-73.9387715,43
H05E,41.0948771,-73.938235,44
H05E,41.0947801,-73.9375913,45
H05E,41.0942545,-73.9357996,46
H05E,41.094266,-73.935803,47
H05E,41.0940362,-73.9349118,48
H05E,41.094012,-73.9346945,49
H05E,41.0934642,-73.9327472,50
H05E,41.0933954,-73.9326373,51
H05E,41.0922938,-73.9285254,52
H05E,41.0919845,-73.9278281,53
H05E,41.0918612,-73.9273909,54
H05E,41.0917924,-73.9269483,55
H05E,41.09175,-73.9253363,56
H05E,41.0917237,-73.9250949,57
H05E,41.0917277,-73.9230242,58
H05E,41.0916651,-73.9224368,59
H05E,41.0911921,-73.9195588,60
H05E,41.0906422,-73.9197305,61
H05E,41.0906604,-73.9201972,62
H05E,41.0908646,-73.921372,63
H05E,41.090866,-73.921383,64
H05E,41.0909252,-73.9217341,65
H05E,41.0896213,-73.9219594,66
H05E,41.0879879,-73.9219165,67
H05E,41.083580,-73.921795,68
H05E,41.083239,-73.921854,69
H05E,41.083054,-73.922257,70
H05E,41.083165,-73.924490,71
H05E,41.082387,-73.924107,72
H05E,41.081163,-73.924028,73
H05E,41.080866,-73.923910,74
H05E,41.079917,-73.923270,75
H05E,41.079420,-73.923123,76
H05E,41.078656,-73.923162,77
H05E,41.078552,-73.922769,78
H05E,41.079272,-73.922257,79
H05E,41.080444,-73.921244,80
H05E,41.081334,-73.921007,81
H05E,41.082083,-73.921312,82
H05E,41.082446,-73.921932,83
H05E,41.0825173,-73.9224368,84
H05E,41.0825011,-73.9227426,85
H05E,41.0823353,-73.923279,86
H05E,41.0820765,-73.9236224,87
H05E,41.0817248,-73.9238477,88
H05E,41.0813325,-73.9238691,89
H05E,41.0809727,-73.923735,90
H05E,41.0805966,-73.9234507,91
H05E,41.0798849,-73.922351,92
H05E,41.079618,-73.9221096,93
H05E,41.0794886,-73.9219111,94
H05E,41.0793511,-73.9218628,95
H05E,41.0774587,-73.9211118,96
H05E,41.0757926,-73.9203393,97
H05E,41.0752264,-73.9200711,98
H05E,41.0741993,-73.9192235,99
H05E,41.0734471,-73.9183438,100
H05E,41.0725816,-73.9170134,101
H05E,41.0721125,-73.9160049,102
H05E,41.0716434,-73.9146745,103
H05E,41.0713118,-73.9127862,104
H05E,41.0712228,-73.9111769,105
H05E,41.0713199,-73.8753319,106
H05E,41.0711662,-73.8738084,107
H05E,41.0707618,-73.8719308,108
H05E,41.0703493,-73.8708365,109
H05E,41.069775,-73.8696349,110
H05E,41.0688448,-73.8683152,111
H05E,41.0667417,-73.8660729,112
H05E,41.0650106,-73.8644958,113
H05E,41.0641451,-73.863852,114
H05E,41.0629479,-73.8625324,115
H05E,41.0625919,-73.8620818,116
H05E,41.0616212,-73.8600755,117
H05E,41.0610387,-73.8581443,118
H05E,41.0608284,-73.8566637,119
H05E,41.0606019,-73.8447976,120
H05E,41.0604805,-73.8433385,121
H05E,41.0600275,-73.8413107,122
H05E,41.0595098,-73.8397551,123
H05E,41.0580617,-73.8372338,124
H05E,41.0577381,-73.836236,125
H05E,41.0575601,-73.8352168,126
H05E,41.0575763,-73.8338757,127
H05E,41.0577866,-73.8327169,128
H05E,41.058628,-73.8306141,129
H05E,41.0590325,-73.8293052,130
H05E,41.0592266,-73.8278246,131
H05E,41.0591862,-73.8264406,132
H05E,41.0578351,-73.8151431,133
H05E,41.0575682,-73.8140273,134
H05E,41.0570989,-73.812815,135
H05E,41.0562414,-73.811506,136
H05E,41.0555942,-73.8108194,137
H05E,41.0547366,-73.8101971,138
H05E,41.0515246,-73.8088024,139
H05E,41.0504162,-73.8081801,140
H05E,41.0494776,-73.8074183,141
H05E,41.0484581,-73.806206,142
H05E,41.0476247,-73.80494,143
H05E,41.0467994,-73.8031054,144
H05E,41.0463301,-73.8014102,145
H05E,41.0461035,-73.7999296,146
H05E,41.045788,-73.7944257,147
H05E,41.0456019,-73.7933099,148
H05E,41.0453187,-73.7922692,149
H05E,41.0447118,-73.7906814,150
H05E,41.0441858,-73.7897158,151
H05E,41.0438783,-73.7893188,152
H05E,41.0435304,-73.7889647,153
H05E,41.040156,-73.7872374,154
H05E,41.0398971,-73.7867653,155
H05E,41.0398323,-73.7863791,156
H05E,41.0400346,-73.7851238,157
H05E,41.0400346,-73.7846518,158
H05E,41.0397433,-73.784008,159
H05E,41.0381815,-73.7819803,160
H05E,41.0365792,-73.7795877,161
H05E,41.036588,-73.779621,162
H05E,41.0362433,-73.7791961,163
H05E,41.035782,-73.7787831,164
H05E,41.0352965,-73.7784183,165
H05E,41.0340704,-73.7776405,166
H05E,41.0321523,-73.7765139,167
H05E,41.0317841,-73.7761813,168
H05E,41.0316627,-73.7757629,169
H05E,41.0317355,-73.7744325,170
H05E,41.031725,-73.774438,171
H05E,41.032108,-73.769894,172
H05E,41.032124,-73.7698138,173
H05E,41.0331963,-73.7702376,174
H05E,41.0339409,-73.7708062,175
H05E,41.0344467,-73.7713587,176
H05E,41.0342444,-73.7743092,177
H05E,41.0341291,-73.7743749,178
H05E,41.0338519,-73.7743387,179
H05E,41.033936,-73.774380,180
H05E,41.0317719,-73.7740839,181
H05E,41.032122,-73.7696689,182
H05E,41.0323324,-73.7679765,183
H05E,41.032294,-73.768034,184
H05E,41.0325226,-73.7669411,185
H05E,41.0327532,-73.7663215,186
H05E,41.0341149,-73.767271,187
H05E,41.034475,-73.766338,188
H05E,41.034497,-73.766281,189
H05W,41.034024,-73.763481,1
H05W,41.032498,-73.762381,2
H05W,41.031855,-73.764541,3
H05W,41.031582,-73.765533,4
H05W,41.031193,-73.767212,5
H05W,41.031132,-73.768178,6
H05W,41.0308655,-73.7693954,7
H05W,41.032124,-73.7698138,8
H05W,41.0331963,-73.7702376,9
H05W,41.0339409,-73.7708062,10
H05W,41.0344467,-73.7713587,11
H05W,41.0342444,-73.7743092,12
H05W,41.0341291,-73.7743749,13
H05W,41.0338519,-73.7743387,14
H05W,41.033936,-73.774380,15
H05W,41.0326217,-73.7741805,16
H05W,41.0325165,-73.7762511,17
H05W,41.0327067,-73.7765837,18
H05W,41.035778,-73.7783861,19
H05W,41.0369029,-73.7795448,20
H05W,41.036906,-73.779548,21
H05W,41.0375503,-73.7806284,22
H05W,41.0380601,-73.7815136,23
H05W,41.039889,-73.7839919,24
H05W,41.0401722,-73.7845498,25
H05W,41.0404433,-73.7854457,26
H05W,41.0404999,-73.7859178,27
H05W,41.0408074,-73.7867385,28
H05W,41.0412201,-73.7873232,29
H05W,41.0416005,-73.7877148,30
H05W,41.0421588,-73.7880313,31
H05W,41.0426362,-73.7881547,32
H05W,41.0440038,-73.7883478,33
H05W,41.044376,-73.7887233,34
H05W,41.044558,-73.7890935,35
H05W,41.0456342,-73.7923712,36
H05W,41.0458001,-73.7930417,37
H05W,41.0458082,-73.7934709,38
H05W,41.0460348,-73.7950855,39
H05W,41.0462735,-73.8000369,40
H05W,41.0465567,-73.8016462,41
H05W,41.047026,-73.8032019,42
H05W,41.0476814,-73.8046396,43
H05W,41.0483367,-73.8057125,44
H05W,41.0489112,-73.8064849,45
H05W,41.049866,-73.8074398,46
H05W,41.0512091,-73.8083839,47
H05W,41.0528758,-73.8091564,48
H05W,41.055044,-73.8101113,49
H05W,41.0561362,-73.8110662,50
H05W,41.0567187,-73.8118064,51
H05W,41.0576491,-73.8137484,52
H05W,41.0580131,-73.8152075,53
H05W,41.0591053,-73.8244772,54
H05W,41.0593561,-73.8271058,55
H05W,41.0592994,-73.8286722,56
H05W,41.0589677,-73.8300884,57
H05W,41.0580455,-73.8325346,58
H05W,41.0578271,-73.8334787,59
H05W,41.0577785,-73.8347018,60
H05W,41.0579727,-73.8359034,61
H05W,41.0583853,-73.8370299,62
H05W,41.0590486,-73.8382959,63
H05W,41.0599223,-73.8403344,64
H05W,41.0604401,-73.8421798,65
H05W,41.0607313,-73.8441002,66
H05W,41.0608446,-73.8466322,67
H05W,41.0609902,-73.856138,68
H05W,41.0611763,-73.8576615,69
H05W,41.0615079,-73.8590455,70
H05W,41.0618639,-73.8600755,71
H05W,41.0623978,-73.8612342,72
H05W,41.062867,-73.8620818,73
H05W,41.063417,-73.8627791,74
H05W,41.0639995,-73.86338,75
H05W,41.0649216,-73.8640666,76
H05W,41.0667174,-73.8658798,77
H05W,41.0682381,-73.8673818,78
H05W,41.0694595,-73.8688624,79
H05W,41.0700095,-73.8697529,80
H05W,41.0706243,-73.8710833,81
H05W,41.0710691,-73.8725102,82
H05W,41.0713603,-73.8739586,83
H05W,41.0714574,-73.8748491,84
H05W,41.0713441,-73.9113164,85
H05W,41.0714655,-73.9129043,86
H05W,41.0716272,-73.9139557,87
H05W,41.0718537,-73.9148247,88
H05W,41.0722015,-73.915844,89
H05W,41.072703,-73.9169168,90
H05W,41.073253,-73.9178181,91
H05W,41.0736735,-73.9183545,92
H05W,41.0747816,-73.9194703,93
H05W,41.0753235,-73.9199317,94
H05W,41.0767146,-73.9205539,95
H05W,41.0795938,-73.9216912,96
H05W,41.0805279,-73.9218146,97
H05W,41.0810454,-73.9215946,98
H05W,41.0814053,-73.9214176,99
H05W,41.0817288,-73.9214391,100
H05W,41.0820078,-73.9216107,101
H05W,41.0822181,-73.921895,102
H05W,41.0823515,-73.9222544,103
H05W,41.0823717,-73.9226729,104
H05W,41.0822909,-73.9230698,105
H05W,41.0820725,-73.9234453,106
H05W,41.081745,-73.9236599,107
H05W,41.0814902,-73.9237136,108
H05W,41.0810818,-73.9235687,109
H05W,41.0807705,-73.923161,110
H05W,41.0805683,-73.9228231,111
H05W,41.080350,-73.922641,112
H05W,41.079808,-73.922496,113
H05W,41.079578,-73.922630,114
H05W,41.079606,-73.922957,115
H05W,41.079840,-73.923209,116
H05W,41.080200,-73.923360,117
H05W,41.081142,-73.924003,118
H05W,41.082396,-73.924068,119
H05W,41.083144,-73.924459,120
H05W,41.083027,-73.922297,121
H05W,41.083237,-73.921734,122
H05W,41.0833422,-73.9217877,123
H05W,41.0835726,-73.9217556,124
H05W,41.0880203,-73.9218736,125
H05W,41.0896496,-73.9219165,126
H05W,41.0908019,-73.9217019,127
H05W,41.090791,-73.921648,128
H05W,41.0915681,-73.9215839,129
H05W,41.0917217,-73.9225683,130
H05W,41.0917621,-73.9230886,131
H05W,41.0917702,-73.9252719,132
H05W,41.0917985,-73.925449,133
H05W,41.0917985,-73.9261758,134
H05W,41.0918531,-73.9271361,135
H05W,41.0919602,-73.9275974,136
H05W,41.0921583,-73.9281633,137
H05W,41.0923483,-73.9285469,138
H05W,41.0924292,-73.9286461,139
H05W,41.0935228,-73.9326775,140
H05W,41.0935066,-73.9328063,141
H05W,41.0940847,-73.9347965,142
H05W,41.0941656,-73.9349306,143
H05W,41.0943758,-73.9357138,144
H05W,41.094419,-73.935868,145
H05W,41.0948205,-73.9374411,146
H05W,41.0948529,-73.9377952,147
H05W,41.0949135,-73.9383048,148
H05W,41.0948973,-73.9387339,149
H05W,41.0944284,-73.9404881,150
H05W,41.0941211,-73.9410836,151
H05W,41.0935147,-73.9418185,152
H05W,41.0931347,-73.9424193,153
H05W,41.0928961,-73.9429986,154
H05W,41.0927344,-73.9436692,155
H05W,41.0926778,-73.944329,156
H05W,41.0927183,-73.9450264,157
H05W,41.0938422,-73.9507234,158
H05W,41.0941818,-73.9529121,159
H05W,41.0942545,-73.953191,160
H05W,41.0943273,-73.9539742,161
H05W,41.0945537,-73.9585662,162
H05W,41.0947235,-73.9587593,163
H05W,41.0951197,-73.9587057,164
H05W,41.0952895,-73.958593,165
H05W,41.0947316,-73.9570159,166
H05W,41.0946588,-73.956517,167
H05W,41.0944809,-73.9533788,168
H05W,41.0948407,-73.9527082,169
H05W,41.0949499,-73.9528424,170
H05W,41.095338,-73.9528853,171
H05W,41.0956048,-73.9531213,172
H05W,41.0958352,-73.953765,173
H05W,41.0957544,-73.9538294,174
H05W,41.095787,-73.953763,175
H05W,41.094675,-73.9546609,176
H05W,41.0945456,-73.9546877,177
H05W,41.0947033,-73.9568067,178
H05W,41.0949499,-73.957665,179
H05W,41.0952814,-73.9585608,180
H05W,41.0959484,-73.9599502,181
H05W,41.0960657,-73.9601433,182
H05W,41.096668,-73.9607173,183
H05W,41.0975251,-73.9614469,184
H05W,41.0977959,-73.9615381,185
H05W,41.0981193,-73.9615113,186
H05W,41.098568,-73.9612055,187
H05W,41.0993806,-73.960551,188
H05W,41.0996272,-73.9614254,189
H05W,41.100371,-73.9614254,190
H05W,41.100371,-73.9627129,191
H05W,41.0999061,-73.9627504,192
H05W,41.099865,-73.962821,193
H07E,41.111709,-74.0439892,1
H07E,41.1117857,-74.044008,2
H07E,41.1118262,-74.0442789,3
H07E,41.1118565,-74.0449065,4
H07E,41.1113755,-74.0449816,5
H07E,41.11117,-74.04701,6
H07E,41.10952,-74.04732,7
H07E,41.1090252,-74.0443861,8
H07E,41.1083623,-74.0399014,9
H07E,41.1074408,-74.0372944,10
H07E,41.1070851,-74.0365112,11
H07E,41.1047488,-74.0322196,12
H07E,41.104199,-74.0313613,13
H07E,41.1031561,-74.0295053,14
H07E,41.1031561,-74.0295053,15
H07E,41.1021052,-74.0275419,16
H07E,41.1015797,-74.0263724,17
H07E,41.1008237,-74.0242535,18
H07E,41.1006418,-74.0236419,19
H07E,41.1005529,-74.0233898,20
H07E,41.1024609,-74.0235186,21
H07E,41.1029055,-74.0233201,22
H07E,41.1032491,-74.0230358,23
H07E,41.1035563,-74.0225101,24
H07E,41.1038352,-74.0217429,25
H07E,41.1037908,-74.021861,26
H07E,41.1037746,-74.0219468,27
H07E,41.1038352,-74.0217429,28
H07E,41.1039161,-74.0186155,29
H07E,41.1011673,-73.9857048,30
H07E,41.1006297,-73.9585877,31
H07E,41.1005206,-73.9563453,32
H07E,41.1004397,-73.955766,33
H07E,41.1003508,-73.9555031,34
H07E,41.1002538,-73.9550686,35
H07E,41.1001244,-73.9545751,36
H07E,41.099987,-73.9542907,37
H07E,41.0997808,-73.9540279,38
H07E,41.0994938,-73.9537972,39
H07E,41.0991502,-73.9537919,40
H07E,41.0989965,-73.9538831,41
H07E,41.0989117,-73.9542854,42
H07E,41.0989804,-73.9546609,43
H07E,41.0993442,-73.9549935,44
H07E,41.0996716,-73.9551866,45
H07E,41.0999263,-73.9555568,46
H07E,41.1000072,-73.9559269,47
H07E,41.1000193,-73.9563829,48
H07E,41.0995948,-73.9590973,49
H07E,41.099607,-73.9599878,50
H07E,41.0995585,-73.9602399,51
H07E,41.0993846,-73.9605457,52
H07E,41.0996272,-73.9614254,53
H07E,41.100375,-73.9614147,54
H07E,41.1003791,-73.9622784,55
H07E,41.100367,-73.962713,56
H07E,41.099865,-73.962821,57
H07E,41.0995868,-73.9627665,58
H07E,41.0995665,-73.9614362,59
H07E,41.0996393,-73.9614201,60
H07E,41.0993725,-73.960551,61
H07E,41.0986125,-73.9611733,62
H07E,41.0980627,-73.9615381,63
H07E,41.0976342,-73.9615273,64
H07E,41.0970278,-73.961066,65
H07E,41.0962274,-73.9603257,66
H07E,41.0959282,-73.9600039,67
H07E,41.0952086,-73.958416,68
H07E,41.0947154,-73.9569354,69
H07E,41.0946265,-73.9559591,70
H07E,41.0944769,-73.9536202,71
H07E,41.0946063,-73.9530998,72
H07E,41.0948367,-73.9527136,73
H07E,41.094958,-73.9528477,74
H07E,41.0953259,-73.9528906,75
H07E,41.0955886,-73.9530891,76
H07E,41.0957665,-73.9535236,77
H07E,41.0958231,-73.9537597,78
H07E,41.0957342,-73.9538401,79
H07E,41.095787,-73.953763,80
H07E,41.0946629,-73.9546663,81
H07E,41.0945577,-73.954677,82
H07E,41.0946831,-73.9567316,83
H07E,41.0949256,-73.9575684,84
H07E,41.0953501,-73.9587218,85
H07E,41.0948246,-73.9589149,86
H07E,41.0944041,-73.9589149,87
H07E,41.0942141,-73.9542478,88
H07E,41.0941211,-73.9529389,89
H07E,41.094113,-73.9525634,90
H07E,41.0938058,-73.9506161,91
H07E,41.0927385,-73.9453214,92
H07E,41.0926455,-73.9443398,93
H07E,41.0927546,-73.9433956,94
H07E,41.0930579,-73.9424998,95
H07E,41.0934419,-73.9418399,96
H07E,41.0940362,-73.9411426,97
H07E,41.0943516,-73.9405739,98
H07E,41.0948529,-73.9387715,99
H07E,41.0948771,-73.938235,100
H07E,41.0947801,-73.9375913,101
H07E,41.0942545,-73.9357996,102
H07E,41.094266,-73.935803,103
H07E,41.0940362,-73.9349118,104
H07E,41.094012,-73.9346945,105
H07E,41.0934642,-73.9327472,106
H07E,41.0933954,-73.9326373,107
H07E,41.0922938,-73.9285254,108
H07E,41.0919845,-73.9278281,109
H07E,41.0918612,-73.9273909,110
H07E,41.0917924,-73.9269483,111
H07E,41.09175,-73.9253363,112
H07E,41.0917237,-73.9250949,113
H07E,41.0917277,-73.9230242,114
H07E,41.0916651,-73.9224368,115
H07E,41.0911921,-73.9195588,116
H07E,41.0906422,-73.9197305,117
H07E,41.0906604,-73.9201972,118
H07E,41.0908646,-73.921372,119
H07E,41.090872,-73.921436,120
H07E,41.0909252,-73.9217341,121
H07E,41.0896213,-73.9219594,122
H07E,41.0879879,-73.9219165,123
H07E,41.083580,-73.921795,124
H07E,41.083239,-73.921854,125
H07E,41.083054,-73.922257,126
H07E,41.083165,-73.924490,127
H07E,41.082387,-73.924107,128
H07E,41.081163,-73.924028,129
H07E,41.080866,-73.923910,130
H07E,41.079917,-73.923270,131
H07E,41.079420,-73.923123,132
H07E,41.078656,-73.923162,133
H07E,41.078552,-73.922769,134
H07E,41.079272,-73.922257,135
H07E,41.080444,-73.921244,136
H07E,41.081334,-73.921007,137
H07E,41.082083,-73.921312,138
H07E,41.082446,-73.921932,139
H07E,41.0825173,-73.9224368,140
H07E,41.0825011,-73.9227426,141
H07E,41.0823353,-73.923279,142
H07E,41.0820765,-73.9236224,143
H07E,41.0817248,-73.9238477,144
H07E,41.0813325,-73.9238691,145
H07E,41.0809727,-73.923735,146
H07E,41.0805966,-73.9234507,147
H07E,41.0798849,-73.922351,148
H07E,41.079618,-73.9221096,149
H07E,41.0794886,-73.9219111,150
H07E,41.0793511,-73.9218628,151
H07E,41.0774587,-73.9211118,152
H07E,41.0757926,-73.9203393,153
H07E,41.0752264,-73.9200711,154
H07E,41.0741993,-73.9192235,155
H07E,41.0734471,-73.9183438,156
H07E,41.0725816,-73.9170134,157
H07E,41.0721125,-73.9160049,158
H07E,41.0716434,-73.9146745,159
H07E,41.0713118,-73.9127862,160
H07E,41.0712228,-73.9111769,161
H07E,41.0713199,-73.8753319,162
H07E,41.0711662,-73.8738084,163
H07E,41.0707618,-73.8719308,164
H07E,41.0703493,-73.8708365,165
H07E,41.069775,-73.8696349,166
H07E,41.0688448,-73.8683152,167
H07E,41.0667417,-73.8660729,168
H07E,41.0650106,-73.8644958,169
H07E,41.0641451,-73.863852,170
H07E,41.0629479,-73.8625324,171
H07E,41.062507,-73.8620818,172
H07E,41.0617385,-73.8608372,173
H07E,41.0614473,-73.8606226,174
H07E,41.0611398,-73.8605958,175
H07E,41.0608405,-73.8607353,176
H07E,41.0606423,-73.8610142,177
H07E,41.0605574,-73.8612449,178
H07E,41.0605129,-73.8616741,179
H07E,41.0605008,-73.8618779,180
H07E,41.0606747,-73.8619637,181
H07E,41.0616293,-73.8621891,182
H07E,41.0623816,-73.8622642,183
H07E,41.0624787,-73.8621998,184
H07E,41.0648448,-73.8623285,185
H07E,41.064789,-73.862296,186
H07E,41.0669358,-73.8624144,187
H07E,41.0675263,-73.8622695,188
H07E,41.0679631,-73.8621032,189
H07E,41.0690146,-73.8615614,190
H07E,41.0691602,-73.8615507,191
H07E,41.0702845,-73.8610411,192
H07E,41.0711541,-73.8605529,193
H07E,41.0725897,-73.859657,194
H07E,41.0732327,-73.8593727,195
H07E,41.0744096,-73.8590294,196
H07E,41.076379,-73.858273,197
H07E,41.0773374,-73.8577849,198
H07E,41.0778671,-73.8606495,199
H07E,41.0786192,-73.8615882,200
H07E,41.0791934,-73.8624626,201
H07E,41.0795574,-73.8629562,202
H07E,41.0798081,-73.8631546,203
H07E,41.0800143,-73.8632029,204
H07E,41.0801598,-73.8642986,205
H07E,41.0795816,-73.864485,206
H07E,41.0791955,-73.8645923,207
H07E,41.0789892,-73.8646299,208
H07E,41.078872,-73.8646486,209
H07E,41.0780268,-73.864544,210
H07E,41.0779136,-73.8645735,211
H07E,41.0773232,-73.8645306,212
H07E,41.0771978,-73.8645494,213
H07E,41.0768299,-73.8645118,214
H07E,41.0762273,-73.8645735,215
H07E,41.076078,-73.864578,216
H07W,41.076064,-73.864580,1
H07W,41.0760514,-73.8645843,2
H07W,41.0759665,-73.8644877,3
H07W,41.0759887,-73.8642195,4
H07W,41.0762334,-73.8643402,5
H07W,41.0766742,-73.8642946,6
H07W,41.0767227,-73.8643482,7
H07W,41.0768986,-73.8643456,8
H07W,41.0769613,-73.8642946,9
H07W,41.0779803,-73.864477,10
H07W,41.0780329,-73.8645172,11
H07W,41.0789104,-73.8646111,12
H07W,41.0794482,-73.8644823,13
H07W,41.0801437,-73.8642597,14
H07W,41.0799698,-73.8632324,15
H07W,41.0796524,-73.863093,16
H07W,41.079339,-73.8627309,17
H07W,41.0785869,-73.8615721,18
H07W,41.078227,-73.8611805,19
H07W,41.0779237,-73.8608104,20
H07W,41.0778186,-73.8605636,21
H07W,41.0773212,-73.8578439,22
H07W,41.0761606,-73.8584071,23
H07W,41.0751213,-73.8587773,24
H07W,41.074857,-73.858887,25
H07W,41.0739445,-73.8592279,26
H07W,41.0730993,-73.8594693,27
H07W,41.0722824,-73.8598716,28
H07W,41.0711419,-73.8606012,29
H07W,41.0701713,-73.8611484,30
H07W,41.0691036,-73.8616312,31
H07W,41.068958,-73.8617384,32
H07W,41.0678822,-73.8622856,33
H07W,41.0669318,-73.8625914,34
H07W,41.0659328,-73.8625485,35
H07W,41.065925,-73.862547,36
H07W,41.065212,-73.862563,37
H07W,41.064861,-73.862842,38
H07W,41.064782,-73.863147,39
H07W,41.064859,-73.863639,40
H07W,41.0649216,-73.8640666,41
H07W,41.0667174,-73.8658798,42
H07W,41.0682381,-73.8673818,43
H07W,41.0694595,-73.8688624,44
H07W,41.0700095,-73.8697529,45
H07W,41.0706243,-73.8710833,46
H07W,41.0710691,-73.8725102,47
H07W,41.0713603,-73.8739586,48
H07W,41.0714574,-73.8748491,49
H07W,41.0713441,-73.9113164,50
H07W,41.0714655,-73.9129043,51
H07W,41.0716272,-73.9139557,52
H07W,41.0718537,-73.9148247,53
H07W,41.0722015,-73.915844,54
H07W,41.072703,-73.9169168,55
H07W,41.073253,-73.9178181,56
H07W,41.0736735,-73.9183545,57
H07W,41.0747816,-73.9194703,58
H07W,41.0753235,-73.9199317,59
H07W,41.0767146,-73.9205539,60
H07W,41.0795938,-73.9216912,61
H07W,41.0805279,-73.9218146,62
H07W,41.0810454,-73.9215946,63
H07W,41.0814053,-73.9214176,64
H07W,41.0817288,-73.9214391,65
H07W,41.0820078,-73.9216107,66
H07W,41.0822181,-73.921895,67
H07W,41.0823515,-73.9222544,68
H07W,41.0823717,-73.9226729,69
H07W,41.0822909,-73.9230698,70
H07W,41.0820725,-73.9234453,71
H07W,41.081745,-73.9236599,72
H07W,41.0814902,-73.9237136,73
H07W,41.0810818,-73.9235687,74
H07W,41.0807705,-73.923161,75
H07W,41.0805683,-73.9228231,76
H07W,41.080350,-73.922641,77
H07W,41.079808,-73.922496,78
H07W,41.079578,-73.922630,79
H07W,41.079606,-73.922957,80
H07W,41.079840,-73.923209,81
H07W,41.080200,-73.923360,82
H07W,41.081142,-73.924003,83
H07W,41.082396,-73.924068,84
H07W,41.083144,-73.924459,85
H07W,41.083027,-73.922297,86
H07W,41.083237,-73.921734,87
H07W,41.0833422,-73.9217877,88
H07W,41.0835726,-73.9217556,89
H07W,41.0880203,-73.9218736,90
H07W,41.0896496,-73.9219165,91
H07W,41.0908019,-73.9217019,92
H07W,41.090827,-73.921703,93
H07W,41.0915681,-73.9215839,94
H07W,41.0917217,-73.9225683,95
H07W,41.0917621,-73.9230886,96
H07W,41.0917702,-73.9252719,97
H07W,41.0917985,-73.925449,98
H07W,41.0917985,-73.9261758,99
H07W,41.0918531,-73.9271361,100
H07W,41.0919602,-73.9275974,101
H07W,41.0921583,-73.9281633,102
H07W,41.0923483,-73.9285469,103
H07W,41.0924292,-73.9286461,104
H07W,41.0935228,-73.9326775,105
H07W,41.0935066,-73.9328063,106
H07W,41.0940847,-73.9347965,107
H07W,41.0941656,-73.9349306,108
H07W,41.0943758,-73.9357138,109
H07W,41.094415,-73.935838,110
H07W,41.0948205,-73.9374411,111
H07W,41.0948529,-73.9377952,112
H07W,41.0949135,-73.9383048,113
H07W,41.0948973,-73.9387339,114
H07W,41.0944284,-73.9404881,115
H07W,41.0941211,-73.9410836,116
H07W,41.0935147,-73.9418185,117
H07W,41.0931347,-73.9424193,118
H07W,41.0928961,-73.9429986,119
H07W,41.0927344,-73.9436692,120
H07W,41.0926778,-73.944329,121
H07W,41.0927183,-73.9450264,122
H07W,41.0938422,-73.9507234,123
H07W,41.0941818,-73.9529121,124
H07W,41.0942545,-73.953191,125
H07W,41.0943273,-73.9539742,126
H07W,41.0945537,-73.9585662,127
H07W,41.0947235,-73.9587593,128
H07W,41.0951197,-73.9587057,129
H07W,41.0952895,-73.958593,130
H07W,41.0947316,-73.9570159,131
H07W,41.0946588,-73.956517,132
H07W,41.0944809,-73.9533788,133
H07W,41.0948407,-73.9527082,134
H07W,41.0949499,-73.9528424,135
H07W,41.095338,-73.9528853,136
H07W,41.0956048,-73.9531213,137
H07W,41.0958352,-73.953765,138
H07W,41.0957544,-73.9538294,139
H07W,41.095787,-73.953763,140
H07W,41.094675,-73.9546609,141
H07W,41.0945456,-73.9546877,142
H07W,41.0947033,-73.9568067,143
H07W,41.0949499,-73.957665,144
H07W,41.0952814,-73.9585608,145
H07W,41.0959484,-73.9599502,146
H07W,41.0960657,-73.9601433,147
H07W,41.096668,-73.9607173,148
H07W,41.0975251,-73.9614469,149
H07W,41.0977959,-73.9615381,150
H07W,41.0981193,-73.9615113,151
H07W,41.098568,-73.9612055,152
H07W,41.0993806,-73.960551,153
H07W,41.0996272,-73.9614254,154
H07W,41.100371,-73.9614254,155
H07W,41.100371,-73.9627129,156
H07W,41.0999061,-73.9627504,157
H07W,41.099865,-73.962821,158
H07W,41.0995908,-73.9627665,159
H07W,41.0995706,-73.9614254,160
H07W,41.0996433,-73.9614147,161
H07W,41.0993685,-73.9605242,162
H07W,41.0994938,-73.9603418,163
H07W,41.0995585,-73.9601219,164
H07W,41.0995625,-73.9592367,165
H07W,41.0999263,-73.9568228,166
H07W,41.1002578,-73.9567262,167
H07W,41.1009773,-73.956179,168
H07W,41.1012846,-73.9557767,169
H07W,41.1015231,-73.9552993,170
H07W,41.1016443,-73.954972,171
H07W,41.1016807,-73.954559,172
H07W,41.1015392,-73.9542049,173
H07W,41.101329,-73.9541298,174
H07W,41.1010784,-73.954221,175
H07W,41.1008803,-73.9545107,176
H07W,41.1007833,-73.9551437,177
H07W,41.1008318,-73.9566296,178
H07W,41.100751,-73.9568281,179
H07W,41.1013533,-73.9862412,180
H07W,41.1040535,-74.0179932,181
H07W,41.1040616,-74.020654,182
H07W,41.1038514,-74.0230787,183
H07W,41.1038514,-74.0230787,184
H07W,41.1037867,-74.0238082,185
H07W,41.1038191,-74.0246129,186
H07W,41.1040858,-74.0255785,187
H07W,41.104563,-74.026855,188
H07W,41.104522,-74.027016,189
H07W,41.104409,-74.027187,190
H07W,41.104029,-74.027445,191
H07W,41.103492,-74.028191,192
H07W,41.103330,-74.028320,193
H07W,41.103168,-74.028465,194
H07W,41.102986,-74.028631,195
H07W,41.103003,-74.028786,196
H07W,41.103091,-74.028953,197
H07W,41.103346,-74.029484,198
H07W,41.103426,-74.029629,199
H07W,41.1035664,-74.0299022,200
H07W,41.104967,-74.0324664,201
H07W,41.1051772,-74.0328956,202
H07W,41.1071093,-74.0365112,203
H07W,41.1073923,-74.0371013,204
H07W,41.1083057,-74.039644,205
H07W,41.1090737,-74.0443996,206
H07W,41.10952,-74.04732,207
H07W,41.11117,-74.04701,208
H07W,41.1113412,-74.0449172,209
H07W,41.1113937,-74.0439731,210
H07W,41.111709,-74.0439892,211
H07XE,41.111709,-74.0439892,1
H07XE,41.1117857,-74.044008,2
H07XE,41.1118262,-74.0442789,3
H07XE,41.1118565,-74.0449065,4
H07XE,41.1113755,-74.0449816,5
H07XE,41.11117,-74.04701,6
H07XE,41.10952,-74.04732,7
H07XE,41.1090252,-74.0443861,8
H07XE,41.1083623,-74.0399014,9
H07XE,41.1074408,-74.0372944,10
H07XE,41.1070851,-74.0365112,11
H07XE,41.1047488,-74.0322196,12
H07XE,41.104199,-74.0313613,13
H07XE,41.1031561,-74.0295053,14
H07XE,41.1031561,-74.0295053,15
H07XE,41.1021052,-74.0275419,16
H07XE,41.1015797,-74.0263724,17
H07XE,41.1008237,-74.0242535,18
H07XE,41.1006418,-74.0236419,19
H07XE,41.1005529,-74.0233898,20
H07XE,41.1024609,-74.0235186,21
H07XE,41.1029055,-74.0233201,22
H07XE,41.1032491,-74.0230358,23
H07XE,41.1035563,-74.0225101,24
H07XE,41.1038352,-74.0217429,25
H07XE,41.1037908,-74.021861,26
H07XE,41.1037746,-74.0219468,27
H07XE,41.1038352,-74.0217429,28
H07XE,41.1039161,-74.0186155,29
H07XE,41.1011673,-73.9857048,30
H07XE,41.1006297,-73.9585877,31
H07XE,41.1005206,-73.9563453,32
H07XE,41.1004397,-73.955766,33
H07XE,41.1003508,-73.9555031,34
H07XE,41.1002538,-73.9550686,35
H07XE,41.1001244,-73.9545751,36
H07XE,41.099987,-73.9542907,37
H07XE,41.0997808,-73.9540279,38
H07XE,41.0994938,-73.9537972,39
H07XE,41.0991502,-73.9537919,40
H07XE,41.0989965,-73.9538831,41
H07XE,41.0989117,-73.9542854,42
H07XE,41.0989804,-73.9546609,43
H07XE,41.0993442,-73.9549935,44
H07XE,41.0996716,-73.9551866,45
H07XE,41.0999263,-73.9555568,46
H07XE,41.1000072,-73.9559269,47
H07XE,41.1000193,-73.9563829,48
H07XE,41.0995948,-73.9590973,49
H07XE,41.099607,-73.9599878,50
H07XE,41.0995585,-73.9602399,51
H07XE,41.0993846,-73.9605457,52
H07XE,41.0996272,-73.9614254,53
H07XE,41.100375,-73.9614147,54
H07XE,41.1003791,-73.9622784,55
H07XE,41.100367,-73.962713,56
H07XE,41.099865,-73.962821,57
H07XE,41.0995908,-73.9627665,58
H07XE,41.0995706,-73.9614254,59
H07XE,41.0996433,-73.9614147,60
H07XE,41.0993685,-73.9605242,61
H07XE,41.0994938,-73.9603418,62
H07XE,41.0995585,-73.9601219,63
H07XE,41.0995625,-73.9592367,64
H07XE,41.0999263,-73.9568228,65
H07XE,41.1000031,-73.9560932,66
H07XE,41.0999667,-73.9558196,67
H07XE,41.0998899,-73.9555568,68
H07XE,41.0996676,-73.9552242,69
H07XE,41.0990774,-73.9548057,70
H07XE,41.0987944,-73.9543766,71
H07XE,41.0986368,-73.9539689,72
H07XE,41.099518,-73.9533252,73
H07XE,41.0997202,-73.9529014,74
H07XE,41.0997484,-73.9524561,75
H07XE,41.0996636,-73.9517856,76
H07XE,41.0996474,-73.9515442,77
H07XE,41.0954269,-73.9358211,78
H07XE,41.0947801,-73.9342117,79
H07XE,41.0937128,-73.9322591,80
H07XE,41.0926617,-73.9308643,81
H07XE,41.0912709,-73.9294267,82
H07XE,41.0899771,-73.9283109,83
H07XE,41.0810657,-73.922689,84
H07XE,41.0793511,-73.9218628,85
H07XE,41.0774587,-73.9211118,86
H07XE,41.0757926,-73.9203393,87
H07XE,41.0752264,-73.9200711,88
H07XE,41.0741993,-73.9192235,89
H07XE,41.0734471,-73.9183438,90
H07XE,41.0725816,-73.9170134,91
H07XE,41.0721125,-73.9160049,92
H07XE,41.0716434,-73.9146745,93
H07XE,41.0713118,-73.9127862,94
H07XE,41.0712228,-73.9111769,95
H07XE,41.0713199,-73.8753319,96
H07XE,41.0711662,-73.8738084,97
H07XE,41.0707618,-73.8719308,98
H07XE,41.0703493,-73.8708365,99
H07XE,41.069775,-73.8696349,100
H07XE,41.0688448,-73.8683152,101
H07XE,41.0667417,-73.8660729,102
H07XE,41.0650106,-73.8644958,103
H07XE,41.0641451,-73.863852,104
H07XE,41.0629479,-73.8625324,105
H07XE,41.0624059,-73.8619155,106
H07XE,41.0617466,-73.860864,107
H07XE,41.0614998,-73.8606495,108
H07XE,41.0611277,-73.8605851,109
H07XE,41.0608769,-73.8607031,110
H07XE,41.0606059,-73.8610893,111
H07XE,41.0605331,-73.8614917,112
H07XE,41.0605048,-73.8618618,113
H07XE,41.0606464,-73.8619691,114
H07XE,41.0617183,-73.8621944,115
H07XE,41.0623937,-73.8622534,116
H07XE,41.0625434,-73.862232,117
H07XE,41.0648448,-73.8623339,118
H07XE,41.064789,-73.862296,119
H07XE,41.0669358,-73.8624144,120
H07XE,41.0675263,-73.8622695,121
H07XE,41.0679631,-73.8621032,122
H07XE,41.0690146,-73.8615614,123
H07XE,41.0691602,-73.8615507,124
H07XE,41.0702845,-73.8610411,125
H07XE,41.0711541,-73.8605529,126
H07XE,41.0725897,-73.859657,127
H07XE,41.0732327,-73.8593727,128
H07XE,41.0744096,-73.8590294,129
H07XE,41.076379,-73.858273,130
H07XE,41.0773374,-73.8577849,131
H07XE,41.0778671,-73.8606495,132
H07XE,41.0786192,-73.8615882,133
H07XE,41.0791934,-73.8624626,134
H07XE,41.0795574,-73.8629562,135
H07XE,41.0798081,-73.8631546,136
H07XE,41.0800143,-73.8632029,137
H07XE,41.0801598,-73.8642986,138
H07XE,41.0795816,-73.864485,139
H07XE,41.0791955,-73.8645923,140
H07XE,41.0789892,-73.8646299,141
H07XE,41.078872,-73.8646486,142
H07XE,41.0780268,-73.864544,143
H07XE,41.0779136,-73.8645735,144
H07XE,41.0773232,-73.8645306,145
H07XE,41.0771978,-73.8645494,146
H07XE,41.0768299,-73.8645118,147
H07XE,41.0762273,-73.8645735,148
H07XE,41.076098,-73.864567,149
H07XW,41.076084,-73.864583,1
H07XW,41.0760514,-73.8645843,2
H07XW,41.0759665,-73.8644877,3
H07XW,41.0759887,-73.8642195,4
H07XW,41.0762334,-73.8643402,5
H07XW,41.0766742,-73.8642946,6
H07XW,41.0767227,-73.8643482,7
H07XW,41.0768986,-73.8643456,8
H07XW,41.0769613,-73.8642946,9
H07XW,41.0779803,-73.864477,10
H07XW,41.0780329,-73.8645172,11
H07XW,41.0789104,-73.8646111,12
H07XW,41.0794482,-73.8644823,13
H07XW,41.0801437,-73.8642597,14
H07XW,41.0799698,-73.8632324,15
H07XW,41.0796524,-73.863093,16
H07XW,41.079339,-73.8627309,17
H07XW,41.0785869,-73.8615721,18
H07XW,41.078227,-73.8611805,19
H07XW,41.0779237,-73.8608104,20
H07XW,41.0778186,-73.8605636,21
H07XW,41.0773212,-73.8578439,22
H07XW,41.0761606,-73.8584071,23
H07XW,41.0751213,-73.8587773,24
H07XW,41.074853,-73.858887,25
H07XW,41.0739445,-73.8592279,26
H07XW,41.0730993,-73.8594693,27
H07XW,41.0722824,-73.8598716,28
H07XW,41.0711419,-73.8606012,29
H07XW,41.0701713,-73.8611484,30
H07XW,41.0691036,-73.8616312,31
H07XW,41.068958,-73.8617384,32
H07XW,41.0678822,-73.8622856,33
H07XW,41.0669318,-73.8625914,34
H07XW,41.0659328,-73.8625485,35
H07XW,41.065925,-73.862547,36
H07XW,41.065212,-73.862563,37
H07XW,41.064861,-73.862842,38
H07XW,41.064782,-73.863147,39
H07XW,41.064859,-73.863639,40
H07XW,41.0649216,-73.8640666,41
H07XW,41.0667174,-73.8658798,42
H07XW,41.0682381,-73.8673818,43
H07XW,41.0694595,-73.8688624,44
H07XW,41.0700095,-73.8697529,45
H07XW,41.0706243,-73.8710833,46
H07XW,41.0710691,-73.8725102,47
H07XW,41.0713603,-73.8739586,48
H07XW,41.0714574,-73.8748491,49
H07XW,41.0713441,-73.9113164,50
H07XW,41.0714655,-73.9129043,51
H07XW,41.0716272,-73.9139557,52
H07XW,41.0718537,-73.9148247,53
H07XW,41.0722015,-73.915844,54
H07XW,41.072703,-73.9169168,55
H07XW,41.073253,-73.9178181,56
H07XW,41.0736735,-73.9183545,57
H07XW,41.0747816,-73.9194703,58
H07XW,41.0753235,-73.9199317,59
H07XW,41.0767146,-73.9205539,60
H07XW,41.0795938,-73.9216912,61
H07XW,41.0804996,-73.9220989,62
H07XW,41.0853194,-73.9251781,63
H07XW,41.08912,-73.9274633,64
H07XW,41.090907,-73.9287615,65
H07XW,41.0924514,-73.9302421,66
H07XW,41.0936885,-73.9318299,67
H07XW,41.094206,-73.932656,68
H07XW,41.0950227,-73.9343083,69
H07XW,41.0956533,-73.935982,70
H07XW,41.1000031,-73.9522576,71
H07XW,41.1001648,-73.9525688,72
H07XW,41.1004074,-73.9531696,73
H07XW,41.1007954,-73.9535987,74
H07XW,41.1020081,-73.9542639,75
H07XW,41.1017494,-73.9550793,76
H07XW,41.1014745,-73.9556587,77
H07XW,41.1010299,-73.9561415,78
H07XW,41.1003023,-73.9567316,79
H07XW,41.0999384,-73.9568388,80
H07XW,41.099607,-73.9589095,81
H07XW,41.0995908,-73.9594781,82
H07XW,41.0995948,-73.9600575,83
H07XW,41.099518,-73.9603525,84
H07XW,41.0993725,-73.9605725,85
H07XW,41.0996272,-73.9614201,86
H07XW,41.100375,-73.9614254,87
H07XW,41.1003669,-73.9627075,88
H07XW,41.0998859,-73.9627504,89
H07XW,41.099865,-73.962821,90
H07XW,41.099865,-73.962821,91
H07XW,41.0995908,-73.9627665,92
H07XW,41.0995706,-73.9614254,93
H07XW,41.0996433,-73.9614147,94
H07XW,41.0993685,-73.9605242,95
H07XW,41.0994938,-73.9603418,96
H07XW,41.0995585,-73.9601219,97
H07XW,41.0995625,-73.9592367,98
H07XW,41.0999263,-73.9568228,99
H07XW,41.1002578,-73.9567262,100
H07XW,41.1009773,-73.956179,101
H07XW,41.1012846,-73.9557767,102
H07XW,41.1015231,-73.9552993,103
H07XW,41.1016443,-73.954972,104
H07XW,41.1016807,-73.954559,105
H07XW,41.1015392,-73.9542049,106
H07XW,41.101329,-73.9541298,107
H07XW,41.1010784,-73.954221,108
H07XW,41.1008803,-73.9545107,109
H07XW,41.1007833,-73.9551437,110
H07XW,41.1008318,-73.9566296,111
H07XW,41.100751,-73.9568281,112
H07XW,41.1013533,-73.9862412,113
H07XW,41.1040535,-74.0179932,114
H07XW,41.1040616,-74.020654,115
H07XW,41.1038514,-74.0230787,116
H07XW,41.1038514,-74.0230787,117
H07XW,41.1037867,-74.0238082,118
H07XW,41.1038191,-74.0246129,119
H07XW,41.1040858,-74.0255785,120
H07XW,41.104563,-74.026855,121
H07XW,41.104522,-74.027016,122
H07XW,41.104409,-74.027187,123
H07XW,41.104029,-74.027445,124
H07XW,41.103492,-74.028191,125
H07XW,41.103330,-74.028320,126
H07XW,41.103168,-74.028465,127
H07XW,41.102986,-74.028631,128
H07XW,41.103003,-74.028786,129
H07XW,41.103091,-74.028953,130
H07XW,41.103346,-74.029484,131
H07XW,41.103426,-74.029629,132
H07XW,41.1035664,-74.0299022,133
H07XW,41.104967,-74.0324664,134
H07XW,41.1051772,-74.0328956,135
H07XW,41.1071093,-74.0365112,136
H07XW,41.1073923,-74.0371013,137
H07XW,41.1083057,-74.039644,138
H07XW,41.1090737,-74.0443996,139
H07XW,41.10952,-74.04732,140
H07XW,41.11117,-74.04701,141
H07XW,41.1113412,-74.0449172,142
H07XW,41.1113937,-74.0439731,143
H07XW,41.111709,-74.0439892,144
SHTLE,41.111709,-74.0439892,1
SHTLE,41.1117857,-74.044008,2
SHTLE,41.1118262,-74.0442789,3
SHTLE,41.1118565,-74.0449065,4
SHTLE,41.1113755,-74.0449816,5
SHTLE,41.1102822,-74.0447778,6
SHTLE,41.1102095,-74.0447885,7
SHTLE,41.1090656,-74.0444827,8
SHTLE,41.1090656,-74.0444827,9
SHTLE,41.1083623,-74.0399014,10
SHTLE,41.1074408,-74.0372944,11
SHTLE,41.1070851,-74.0365112,12
SHTLE,41.1047488,-74.0322196,13
SHTLE,41.104199,-74.0313613,14
SHTLE,41.1031561,-74.0295053,15
SHTLE,41.1031561,-74.0295053,16
SHTLE,41.1021052,-74.0275419,17
SHTLE,41.1015797,-74.0263724,18
SHTLE,41.1008237,-74.0242535,19
SHTLE,41.1006418,-74.0236419,20
SHTLE,41.1005529,-74.0233898,21
SHTLE,41.1024609,-74.0235186,22
SHTLE,41.1029055,-74.0233201,23
SHTLE,41.1032491,-74.0230358,24
SHTLE,41.1035563,-74.0225101,25
SHTLE,41.1038352,-74.0217429,26
SHTLE,41.1037908,-74.021861,27
SHTLE,41.1037746,-74.0219468,28
SHTLE,41.1038352,-74.0217429,29
SHTLE,41.1039161,-74.0186155,30
SHTLE,41.1011673,-73.9857048,31
SHTLE,41.1006297,-73.9585877,32
SHTLE,41.1005206,-73.9563453,33
SHTLE,41.1004397,-73.955766,34
SHTLE,41.1003508,-73.9555031,35
SHTLE,41.1002538,-73.9550686,36
SHTLE,41.1001244,-73.9545751,37
SHTLE,41.099987,-73.9542907,38
SHTLE,41.0997808,-73.9540279,39
SHTLE,41.0994938,-73.9537972,40
SHTLE,41.0991502,-73.9537919,41
SHTLE,41.0989965,-73.9538831,42
SHTLE,41.0989117,-73.9542854,43
SHTLE,41.0989804,-73.9546609,44
SHTLE,41.0993442,-73.9549935,45
SHTLE,41.0996716,-73.9551866,46
SHTLE,41.0999263,-73.9555568,47
SHTLE,41.1000072,-73.9559269,48
SHTLE,41.1000193,-73.9563829,49
SHTLE,41.0995948,-73.9590973,50
SHTLE,41.099607,-73.9599878,51
SHTLE,41.0995585,-73.9602399,52
SHTLE,41.0993846,-73.9605457,53
SHTLE,41.0996272,-73.9614254,54
SHTLE,41.100375,-73.9614147,55
SHTLE,41.1003791,-73.9622784,56
SHTLE,41.100367,-73.962713,57
SHTLE,41.099865,-73.962821,58
SHTLE,41.0995868,-73.9627665,59
SHTLE,41.0995665,-73.9614362,60
SHTLE,41.0996393,-73.9614201,61
SHTLE,41.0993725,-73.960551,62
SHTLE,41.0986125,-73.9611733,63
SHTLE,41.0980627,-73.9615381,64
SHTLE,41.0976342,-73.9615273,65
SHTLE,41.0970278,-73.961066,66
SHTLE,41.0962274,-73.9603257,67
SHTLE,41.0959282,-73.9600039,68
SHTLE,41.0952086,-73.958416,69
SHTLE,41.0947154,-73.9569354,70
SHTLE,41.0946265,-73.9559591,71
SHTLE,41.0944769,-73.9536202,72
SHTLE,41.0946063,-73.9530998,73
SHTLE,41.0948367,-73.9527136,74
SHTLE,41.094958,-73.9528477,75
SHTLE,41.0953259,-73.9528906,76
SHTLE,41.0955886,-73.9530891,77
SHTLE,41.0957665,-73.9535236,78
SHTLE,41.0958231,-73.9537597,79
SHTLE,41.0957342,-73.9538401,80
SHTLE,41.095787,-73.953763,81
SHTLE,41.0946629,-73.9546663,82
SHTLE,41.0945577,-73.954677,83
SHTLE,41.0946831,-73.9567316,84
SHTLE,41.0949256,-73.9575684,85
SHTLE,41.0953501,-73.9587218,86
SHTLE,41.0948246,-73.9589149,87
SHTLE,41.0944041,-73.9589149,88
SHTLE,41.0942141,-73.9542478,89
SHTLE,41.0941211,-73.9529389,90
SHTLE,41.094113,-73.9525634,91
SHTLE,41.0938058,-73.9506161,92
SHTLE,41.0927385,-73.9453214,93
SHTLE,41.0926455,-73.9443398,94
SHTLE,41.0927546,-73.9433956,95
SHTLE,41.0930579,-73.9424998,96
SHTLE,41.0934419,-73.9418399,97
SHTLE,41.0940362,-73.9411426,98
SHTLE,41.0943516,-73.9405739,99
SHTLE,41.0948529,-73.9387715,100
SHTLE,41.0948771,-73.938235,101
SHTLE,41.0947801,-73.9375913,102
SHTLE,41.0942545,-73.9357996,103
SHTLE,41.094266,-73.935803,104
SHTLE,41.0940362,-73.9349118,105
SHTLE,41.094012,-73.9346945,106
SHTLE,41.0934642,-73.9327472,107
SHTLE,41.0933954,-73.9326373,108
SHTLE,41.0922938,-73.9285254,109
SHTLE,41.0919845,-73.9278281,110
SHTLE,41.0918612,-73.9273909,111
SHTLE,41.0917924,-73.9269483,112
SHTLE,41.09175,-73.9253363,113
SHTLE,41.0917237,-73.9250949,114
SHTLE,41.0917277,-73.9230242,115
SHTLE,41.0916651,-73.9224368,116
SHTLE,41.0911921,-73.9195588,117
SHTLE,41.0906422,-73.9197305,118
SHTLE,41.0906604,-73.9201972,119
SHTLE,41.0908646,-73.921372,120
SHTLE,41.090872,-73.921436,121
SHTLE,41.0909252,-73.9217341,122
SHTLE,41.0896213,-73.9219594,123
SHTLE,41.0879879,-73.9219165,124
SHTLE,41.083580,-73.921795,125
SHTLE,41.083239,-73.921854,126
SHTLE,41.083054,-73.922257,127
SHTLE,41.083165,-73.924490,128
SHTLE,41.082387,-73.924107,129
SHTLE,41.081163,-73.924028,130
SHTLE,41.080866,-73.923910,131
SHTLE,41.079917,-73.923270,132
SHTLE,41.079420,-73.923123,133
SHTLE,41.078656,-73.923162,134
SHTLE,41.078552,-73.922769,135
SHTLE,41.079272,-73.922257,136
SHTLE,41.080444,-73.921244,137
SHTLE,41.081334,-73.921007,138
SHTLE,41.082083,-73.921312,139
SHTLE,41.082446,-73.921932,140
SHTLE,41.0825173,-73.9224368,141
SHTLE,41.0825011,-73.9227426,142
SHTLE,41.0823353,-73.923279,143
SHTLE,41.0820765,-73.9236224,144
SHTLE,41.0817248,-73.9238477,145
SHTLE,41.0813325,-73.9238691,146
SHTLE,41.0809727,-73.923735,147
SHTLE,41.0805966,-73.9234507,148
SHTLE,41.0798849,-73.922351,149
SHTLE,41.079618,-73.9221096,150
SHTLE,41.0794886,-73.9219111,151
SHTLE,41.0793511,-73.9218628,152
SHTLE,41.0774587,-73.9211118,153
SHTLE,41.0757926,-73.9203393,154
SHTLE,41.0752264,-73.9200711,155
SHTLE,41.0741993,-73.9192235,156
SHTLE,41.0734471,-73.9183438,157
SHTLE,41.0725816,-73.9170134,158
SHTLE,41.0721125,-73.9160049,159
SHTLE,41.0716434,-73.9146745,160
SHTLE,41.0713118,-73.9127862,161
SHTLE,41.0712228,-73.9111769,162
SHTLE,41.0713199,-73.8753319,163
SHTLE,41.0711662,-73.8738084,164
SHTLE,41.0707618,-73.8719308,165
SHTLE,41.0703493,-73.8708365,166
SHTLE,41.069775,-73.8696349,167
SHTLE,41.0688448,-73.8683152,168
SHTLE,41.0667417,-73.8660729,169
SHTLE,41.0650106,-73.8644958,170
SHTLE,41.0641451,-73.863852,171
SHTLE,41.0629479,-73.8625324,172
SHTLE,41.062507,-73.8620818,173
SHTLE,41.0617385,-73.8608372,174
SHTLE,41.0614473,-73.8606226,175
SHTLE,41.0611398,-73.8605958,176
SHTLE,41.0608405,-73.8607353,177
SHTLE,41.0606423,-73.8610142,178
SHTLE,41.0605574,-73.8612449,179
SHTLE,41.0605129,-73.8616741,180
SHTLE,41.0605008,-73.8618779,181
SHTLE,41.0606747,-73.8619637,182
SHTLE,41.0616293,-73.8621891,183
SHTLE,41.0623816,-73.8622642,184
SHTLE,41.0624787,-73.8621998,185
SHTLE,41.0648448,-73.8623285,186
SHTLE,41.064789,-73.862296,187
SHTLE,41.0669358,-73.8624144,188
SHTLE,41.0675263,-73.8622695,189
SHTLE,41.0679631,-73.8621032,190
SHTLE,41.0690146,-73.8615614,191
SHTLE,41.0691602,-73.8615507,192
SHTLE,41.0702845,-73.8610411,193
SHTLE,41.0711541,-73.8605529,194
SHTLE,41.0725897,-73.859657,195
SHTLE,41.0732327,-73.8593727,196
SHTLE,41.0744096,-73.8590294,197
SHTLE,41.076379,-73.858273,198
SHTLE,41.0773374,-73.8577849,199
SHTLE,41.0778671,-73.8606495,200
SHTLE,41.0786192,-73.8615882,201
SHTLE,41.0791934,-73.8624626,202
SHTLE,41.0795574,-73.8629562,203
SHTLE,41.0798081,-73.8631546,204
SHTLE,41.0800143,-73.8632029,205
SHTLE,41.0801598,-73.8642986,206
SHTLE,41.0795816,-73.864485,207
SHTLE,41.0791955,-73.8645923,208
SHTLE,41.0789892,-73.8646299,209
SHTLE,41.078872,-73.8646486,210
SHTLE,41.0780268,-73.864544,211
SHTLE,41.0779136,-73.8645735,212
SHTLE,41.0773232,-73.8645306,213
SHTLE,41.0771978,-73.8645494,214
SHTLE,41.0768299,-73.8645118,215
SHTLE,41.0762273,-73.8645735,216
SHTLE,41.076078,-73.864578,217
SHTLW,41.076064,-73.864580,1
SHTLW,41.0760514,-73.8645843,2
SHTLW,41.0759665,-73.8644877,3
SHTLW,41.0759887,-73.8642195,4
SHTLW,41.0762334,-73.8643402,5
SHTLW,41.0766742,-73.8642946,6
SHTLW,41.0767227,-73.8643482,7
SHTLW,41.0768986,-73.8643456,8
SHTLW,41.0769613,-73.8642946,9
SHTLW,41.0779803,-73.864477,10
SHTLW,41.0780329,-73.8645172,11
SHTLW,41.0789104,-73.8646111,12
SHTLW,41.0794482,-73.8644823,13
SHTLW,41.0801437,-73.8642597,14
SHTLW,41.0799698,-73.8632324,15
SHTLW,41.0796524,-73.863093,16
SHTLW,41.079339,-73.8627309,17
SHTLW,41.0785869,-73.8615721,18
SHTLW,41.078227,-73.8611805,19
SHTLW,41.0779237,-73.8608104,20
SHTLW,41.0778186,-73.8605636,21
SHTLW,41.0773212,-73.8578439,22
SHTLW,41.0761606,-73.8584071,23
SHTLW,41.0751213,-73.8587773,24
SHTLW,41.074857,-73.858887,25
SHTLW,41.0739445,-73.8592279,26
SHTLW,41.0730993,-73.8594693,27
SHTLW,41.0722824,-73.8598716,28
SHTLW,41.0711419,-73.8606012,29
SHTLW,41.0701713,-73.8611484,30
SHTLW,41.0691036,-73.8616312,31
SHTLW,41.068958,-73.8617384,32
SHTLW,41.0678822,-73.8622856,33
SHTLW,41.0669318,-73.8625914,34
SHTLW,41.0659328,-73.8625485,35
SHTLW,41.065925,-73.862547,36
SHTLW,41.065212,-73.862563,37
SHTLW,41.064861,-73.862842,38
SHTLW,41.064782,-73.863147,39
SHTLW,41.064859,-73.863639,40
SHTLW,41.0649216,-73.8640666,41
SHTLW,41.0667174,-73.8658798,42
SHTLW,41.0682381,-73.8673818,43
SHTLW,41.0694595,-73.8688624,44
SHTLW,41.0700095,-73.8697529,45
SHTLW,41.0706243,-73.8710833,46
SHTLW,41.0710691,-73.8725102,47
SHTLW,41.0713603,-73.8739586,48
SHTLW,41.0714574,-73.8748491,49
SHTLW,41.0713441,-73.9113164,50
SHTLW,41.0714655,-73.9129043,51
SHTLW,41.0716272,-73.9139557,52
SHTLW,41.0718537,-73.9148247,53
SHTLW,41.0722015,-73.915844,54
SHTLW,41.072703,-73.9169168,55
SHTLW,41.073253,-73.9178181,56
SHTLW,41.0736735,-73.9183545,57
SHTLW,41.0747816,-73.9194703,58
SHTLW,41.0753235,-73.9199317,59
SHTLW,41.0767146,-73.9205539,60
SHTLW,41.0795938,-73.9216912,61
SHTLW,41.0805279,-73.9218146,62
SHTLW,41.0810454,-73.9215946,63
SHTLW,41.0814053,-73.9214176,64
SHTLW,41.0817288,-73.9214391,65
SHTLW,41.0820078,-73.9216107,66
SHTLW,41.0822181,-73.921895,67
SHTLW,41.0823515,-73.9222544,68
SHTLW,41.0823717,-73.9226729,69
SHTLW,41.0822909,-73.9230698,70
SHTLW,41.0820725,-73.9234453,71
SHTLW,41.081745,-73.9236599,72
SHTLW,41.0814902,-73.9237136,73
SHTLW,41.0810818,-73.9235687,74
SHTLW,41.0807705,-73.923161,75
SHTLW,41.0805683,-73.9228231,76
SHTLW,41.080350,-73.922641,77
SHTLW,41.079808,-73.922496,78
SHTLW,41.079578,-73.922630,79
SHTLW,41.079606,-73.922957,80
SHTLW,41.079840,-73.923209,81
SHTLW,41.080200,-73.923360,82
SHTLW,41.081142,-73.924003,83
SHTLW,41.082396,-73.924068,84
SHTLW,41.083144,-73.924459,85
SHTLW,41.083027,-73.922297,86
SHTLW,41.083237,-73.921734,87
SHTLW,41.0833422,-73.9217877,88
SHTLW,41.0835726,-73.9217556,89
SHTLW,41.0880203,-73.9218736,90
SHTLW,41.0896496,-73.9219165,91
SHTLW,41.0908019,-73.9217019,92
SHTLW,41.090827,-73.921703,93
SHTLW,41.0915681,-73.9215839,94
SHTLW,41.0917217,-73.9225683,95
SHTLW,41.0917621,-73.9230886,96
SHTLW,41.0917702,-73.9252719,97
SHTLW,41.0917985,-73.925449,98
SHTLW,41.0917985,-73.9261758,99
SHTLW,41.0918531,-73.9271361,100
SHTLW,41.0919602,-73.9275974,101
SHTLW,41.0921583,-73.9281633,102
SHTLW,41.0923483,-73.9285469,103
SHTLW,41.0924292,-73.9286461,104
SHTLW,41.0935228,-73.9326775,105
SHTLW,41.0935066,-73.9328063,106
SHTLW,41.0940847,-73.9347965,107
SHTLW,41.0941656,-73.9349306,108
SHTLW,41.0943758,-73.9357138,109
SHTLW,41.094415,-73.935838,110
SHTLW,41.0948205,-73.9374411,111
SHTLW,41.0948529,-73.9377952,112
SHTLW,41.0949135,-73.9383048,113
SHTLW,41.0948973,-73.9387339,114
SHTLW,41.0944284,-73.9404881,115
SHTLW,41.0941211,-73.9410836,116
SHTLW,41.0935147,-73.9418185,117
SHTLW,41.0931347,-73.9424193,118
SHTLW,41.0928961,-73.9429986,119
SHTLW,41.0927344,-73.9436692,120
SHTLW,41.0926778,-73.944329,121
SHTLW,41.0927183,-73.9450264,122
SHTLW,41.0938422,-73.9507234,123
SHTLW,41.0941818,-73.9529121,124
SHTLW,41.0942545,-73.953191,125
SHTLW,41.0943273,-73.9539742,126
SHTLW,41.0945537,-73.9585662,127
SHTLW,41.0947235,-73.9587593,128
SHTLW,41.0951197,-73.9587057,129
SHTLW,41.0952895,-73.958593,130
SHTLW,41.0947316,-73.9570159,131
SHTLW,41.0946588,-73.956517,132
SHTLW,41.0944809,-73.9533788,133
SHTLW,41.0948407,-73.9527082,134
SHTLW,41.0949499,-73.9528424,135
SHTLW,41.095338,-73.9528853,136
SHTLW,41.0956048,-73.9531213,137
SHTLW,41.0958352,-73.953765,138
SHTLW,41.0957544,-73.9538294,139
SHTLW,41.095787,-73.953763,140
SHTLW,41.094675,-73.9546609,141
SHTLW,41.0945456,-73.9546877,142
SHTLW,41.0947033,-73.9568067,143
SHTLW,41.0949499,-73.957665,144
SHTLW,41.0952814,-73.9585608,145
SHTLW,41.0959484,-73.9599502,146
SHTLW,41.0960657,-73.9601433,147
SHTLW,41.096668,-73.9607173,148
SHTLW,41.0975251,-73.9614469,149
SHTLW,41.0977959,-73.9615381,150
SHTLW,41.0981193,-73.9615113,151
SHTLW,41.098568,-73.9612055,152
SHTLW,41.0993806,-73.960551,153
SHTLW,41.0996272,-73.9614254,154
SHTLW,41.100371,-73.9614254,155
SHTLW,41.100371,-73.9627129,156
SHTLW,41.0999061,-73.9627504,157
SHTLW,41.099865,-73.962821,158
SHTLW,41.0995908,-73.9627665,159
SHTLW,41.0995706,-73.9614254,160
SHTLW,41.0996433,-73.9614147,161
SHTLW,41.0993685,-73.9605242,162
SHTLW,41.0994938,-73.9603418,163
SHTLW,41.0995585,-73.9601219,164
SHTLW,41.0995625,-73.9592367,165
SHTLW,41.0999263,-73.9568228,166
SHTLW,41.1002578,-73.9567262,167
SHTLW,41.1009773,-73.956179,168
SHTLW,41.1012846,-73.9557767,169
SHTLW,41.1015231,-73.9552993,170
SHTLW,41.1016443,-73.954972,171
SHTLW,41.1016807,-73.954559,172
SHTLW,41.1015392,-73.9542049,173
SHTLW,41.101329,-73.9541298,174
SHTLW,41.1010784,-73.954221,175
SHTLW,41.1008803,-73.9545107,176
SHTLW,41.1007833,-73.9551437,177
SHTLW,41.1008318,-73.9566296,178
SHTLW,41.100751,-73.9568281,179
SHTLW,41.1013533,-73.9862412,180
SHTLW,41.1040535,-74.0179932,181
SHTLW,41.1040616,-74.020654,182
SHTLW,41.1038514,-74.0230787,183
SHTLW,41.1038514,-74.0230787,184
SHTLW,41.1037867,-74.0238082,185
SHTLW,41.1038191,-74.0246129,186
SHTLW,41.1040858,-74.0255785,187
SHTLW,41.104563,-74.026855,188
SHTLW,41.104522,-74.027016,189
SHTLW,41.104409,-74.027187,190
SHTLW,41.104029,-74.027445,191
SHTLW,41.103492,-74.028191,192
SHTLW,41.103330,-74.028320,193
SHTLW,41.103168,-74.028465,194
SHTLW,41.102986,-74.028631,195
SHTLW,41.103003,-74.028786,196
SHTLW,41.103091,-74.028953,197
SHTLW,41.103346,-74.029484,198
SHTLW,41.103426,-74.029629,199
SHTLW,41.1035664,-74.0299022,200
SHTLW,41.104967,-74.0324664,201
SHTLW,41.1051772,-74.0328956,202
SHTLW,41.1071093,-74.0365112,203
SHTLW,41.1073923,-74.0371013,204
SHTLW,41.1083057,-74.039644,205
SHTLW,41.1090737,-74.0443996,206
SHTLW,41.1090252,-74.0443861,207
SHTLW,41.1103186,-74.0446812,208
SHTLW,41.1103913,-74.0447563,209
SHTLW,41.1113412,-74.0449172,210
SHTLW,41.1113937,-74.0439731,211
SHTLW,41.111709,-74.0439892,212